-2.74003	-15.5205
2.09942	-5.46695
4.50039	-5.71454
1.81063	-5.23013
2.90736	-7.03859
-1.28456	-1.41882
1.76703	-4.65953
-3.06789	-3.32939
3.18365	-3.74277
3.71617	-7.46936
1.72241	-4.46587
3.33375	-9.06131
3.19083	-7.82533
3.50734	-4.57903
3.69661	-6.49343
-9.13359	-12.7373
-14.9334	-11.2022
-16.0546	-8.03412
-13.3046	-13.7979
-14.7068	-12.2688
-13.3877	-12.4877
-12.7905	-14.9408
-13.2289	-13.6812
-8.072	-14.8818
-4.0198	-12.8591
-4.92355	-13.7329
-4.63478	-14.4729
-3.33404	-15.8822
-3.10499	-16.5296
-2.2265	-16.9498
0.182805	-18.1444
-0.107346	-18.5397
0.471363	-19.4597
-0.0815071	-19.7151
0.934858	-21.3374
0.469988	-21.6797
-0.633659	-18.5697
-2.66795	-19.0846
-3.07007	-21.1416
-4.6985	-21.6539
-5.38979	-22.2291
-5.63872	-24.159
-6.45858	-24.1217
-9.08083	-22.6098
-8.76437	-22.399
-10.1509	-22.848
-10.8137	-25.4362
-5.35456	-20.1861
-9.49691	-23.8775
-10.147	-26.2891
-12.3597	-26.4792
-15.6892	-26.3028
-16.9249	-25.9914
-17.233	-25.6185
-16.2196	-25.4498
-15.8981	-25.3453
-14.6629	-26.0061
-8.29687	-29.1144
-6.66903	-23.5945
-8.13475	-20.2286
-9.14079	-18.339
-8.77702	-20.2573
-8.79465	-19.7689
-8.45856	-18.5952
-7.12476	-19.164
-5.47999	-21.279
-5.75244	-20.9728
-3.40208	-20.3686
-1.58309	-16.9186
-2.38585	-16.7897
-3.22219	-15.6896
-4.50231	-16.1084
-4.56953	-17.8693
-6.41186	-19.2415
-8.02837	-20.9793
-11.2001	-20.2968
-12.6373	-19.7665
-13.3457	-14.7207
-13.4331	-11.8026
-10.6422	-13.6977
-11.294	-17.8402
-11.8763	-17.5427
-12.3232	-19.4724
-11.9918	-21.0989
-13.0856	-20.4703
-12.7039	-19.7751
-10.5003	-21.0311
-9.40519	-22.1612
-8.19012	-21.8505
-6.5938	-20.9093
-10.685	-16.5512
-8.87675	-14.1134
-8.6471	-15.076
-11.7499	-13.0244
-12.0213	-10.8126
-9.01019	-14.1279
-4.50565	-16.7005
-1.67937	-5.27678
-5.04568	-5.04394
-10.7999	-3.04752
-5.21663	-3.31497
1.30414	-8.9912
-3.1067	-8.06401
-3.07785	-14.2628
0.677159	-12.5842
-4.60177	-21.1311
-4.06624	-21.7761
-3.78109	-19.3103
-9.54552	-17.3819
-8.11887	-15.9733
-3.73052	-19.3874
-2.94675	-20.4357
-4.12801	-18.4782
-5.04965	-14.2547
-4.33967	-11.8006
-4.37395	-11.9964
2.49859	-8.88938
0.934995	-5.97753
-3.39877	-9.55097
-12.0125	-9.02488
-9.43488	-3.53841
-11.0991	-4.12959
-7.88061	-3.0163
-14.2911	1.89371
-11.9247	-5.53872
-11.9686	-5.48338
-3.29401	-3.86878
-8.7725	-14.7893
-1.08161	-9.61003
1.00794	-10.5077
2.98421	-11.5544
3.43957	-8.07684
5.8151	-8.88236
3.53472	-4.12852
7.40139	-4.94883
9.0247	2.63685
1.29237	-3.64326
-2.17691	-10.4216
0.345889	-12.0451
-5.82662	-21.7218
-3.48248	-21.4611
-0.425655	-16.5683
-3.18718	-9.91373
-7.74391	-14.7811
-7.1009	-21.3618
-9.24286	-17.3893
-8.50153	-17.0082
-7.7976	-16.7668
-5.97348	-16.988
-6.20723	-15.6924
-8.40272	-11.4356
-7.66621	-8.51044
-5.78015	-5.49652
-4.25802	-2.9223
-1.07022	-2.24033
-2.2391	0.568327
-2.34468	2.25112
-3.59054	2.08241
-4.68092	1.71703
-7.52217	0.714115
-4.73269	0.249979
-0.176527	-7.70583
-0.4494	-6.85762
-3.74609	-6.64878
2.29602	-7.08852
3.90134	-9.32593
4.27696	-2.41334
6.00322	-0.18326
-0.522608	-8.12684
0.242554	-12.9918
0.0664996	-11.5661
-0.297829	-12.8591
4.22782	-16.6528
0.330607	-17.6421
-6.76456	-23.4052
-13.5354	-22.3241
-10.055	-14.4848
-6.50317	-12.392
-4.24711	-11.6068
0.827686	-2.25038
-4.98537	-2.96977
1.88212	-4.07912
-0.508285	4.28094
-1.92485	-5.8021
4.51606	-2.70535
0.277365	-3.50171
2.61039	0.444364
2.61515	1.29453
6.73843	1.35351
5.2996	-0.726284
7.00722	-1.19619
6.47767	0.275642
6.76969	1.89351
4.36319	-5.66081
2.89716	-9.82714
4.11827	-9.47311
1.2806	-1.68266
4.6154	-1.65741
7.98547	-4.18015
3.17797	-6.89041
1.6655	-3.52531
1.66679	-2.96155
5.21548	-5.86426
1.51114	-3.78053
5.01966	-5.39745
0.132718	-4.11177
-2.87006	-5.65669
1.92875	-2.87251
6.11706	-4.57574
7.32427	-1.87156
2.84074	-7.53118
0.0947212	-14.7116
2.72469	-11.3346
1.08119	-8.56392
6.07923	-3.5968
5.36966	-5.74666
7.3651	-2.26383
-7.0222	-7.51549
-10.2033	-14.6946
-5.78909	-21.9883
-9.32472	-17.223
-6.57272	-15.4439
-6.86602	-9.70491
-5.94709	-12.7744
-5.74069	-14.664
-7.59876	-14.9927
-7.60737	-14.6782
-8.02105	-14.839
-6.55718	-16.4681
-7.5197	-17.0097
-7.69689	-19.2375
-7.89782	-21.3897
-9.18718	-23.518
-10.4388	-25.5328
-10.4301	-26.1191
-9.01564	-27.1528
-7.52346	-26.1475
-8.42929	-24.9714
-8.7534	-25.7953
-9.64565	-25.71
-12.51	-25.4016
-13.0791	-24.7996
-12.9726	-23.7471
-12.5639	-23.9747
-11.7543	-23.1733
-9.9726	-20.1563
-9.72971	-16.5686
-11.0279	-11.4229
-13.7722	-7.41855
-14.8823	-6.55337
-16.6798	-5.96806
-13.8217	-8.70421
-7.74324	-13.7911
-4.87501	-14.6633
-1.25903	-7.15186
-0.517737	-12.7113
-5.09362	-14.4282
-2.38083	-15.0993
-4.68189	-13.0245
-3.24755	-16.5469
-3.05519	-20.2536
-4.40167	-20.9978
-5.38355	-20.1121
-7.30376	-20.5886
-8.27469	-19.2414
-7.42332	-18.3209
-7.53939	-15.7151
-6.36066	-13.635
-5.68997	-12.594
-4.20904	-9.89541
-3.68338	-9.15
-2.73258	-9.25468
-2.28537	-9.06326
-3.02342	-8.34814
-4.39286	-9.65119
-4.89361	-10.4867
-5.73278	-12.3685
-1.81612	-17.6388
1.1223	-21.4919
-0.0526439	-21.0943
1.32773	-20.9999
1.19995	-22.1403
1.53081	-22.2423
1.87767	-23.0885
-2.84385	-15.7694
-2.63235	-15.4757
-2.47864	-17.2201
-2.29669	-18.701
0.0118142	-20.6493
0.441401	-19.7064
-0.62952	-20.5017
-1.85081	-20.6204
-2.48516	-21.9437
-5.76525	-17.313
-5.81848	-17.4551
-1.54307	-18.6907
-1.12793	-21.8395
-5.42376	-16.9721
-2.69314	-13.0938
1.40735	-16.7109
1.14027	-14.521
-5.04616	-15.9105
-3.35627	-16.1194
-6.05598	-16.8595
-2.24559	-21.7077
-3.17196	-18.0031
-2.76772	-16.5612
-1.42589	-17.8699
-6.74377	-14.9531
0.669885	-13.77
0.0782681	-12.6477
-2.65182	-13.2894
-0.822385	-17.3405
-0.605887	-11.3293
-3.72948	-12.6959
2.32674	-14.3814
-5.95293	-14.0253
-7.94304	-11.7292
-9.26946	-12.4081
-9.32529	-12.5269
-7.75479	-13.4999
-4.14126	-11.7525
1.66794	-13.2137
-2.88887	-19.4014
-0.523739	-14.4651
-5.69847	-11.3891
-5.34091	-11.317
-0.407419	-11.4659
4.03096	-7.77954
-3.00022	-14.7996
-6.63523	-11.4859
-4.00623	-17.2086
-10.8241	-9.06361
-8.65487	-14.2456
-10.1293	-9.02747
-6.74031	-2.07451
-9.04713	-3.0409
-10.3391	-2.61661
-12.5362	-2.60967
-14.8194	-5.85343
-11.1485	2.91798
-10.6246	-6.92016
-9.3056	-7.50672
-8.41933	-5.15641
-6.76057	-15.9391
-14.4487	-15.115
-8.82556	-20.8221
-9.00137	-17.5158
-8.73068	-19.0134
-11.9308	-15.0873
-9.77501	-14.2737
-7.3732	-4.15691
-3.9482	-3.15439
-6.03544	-11.3299
-5.37514	-8.2796
0.370223	-14.2479
-3.86766	-9.51589
-5.21304	-5.77866
-3.35217	-2.39725
-0.739433	-12.0762
-2.47799	-13.0121
-2.22832	-10.8871
-2.98575	-12.7302
0.0380715	-14.5586
2.22588	-16.3752
0.0601724	-21.3509
-0.195766	-22.931
-0.202251	-22.0751
-2.4029	-21.5863
-3.59795	-18.7714
-8.83234	-13.879
-14.2815	-8.99334
-14.9469	-7.99718
-13.0918	-12.1846
-5.41121	-17.2411
-5.3651	-15.639
-2.71724	-18.4213
-3.34289	-18.0209
-4.28344	-16.5708
-2.47399	-17.7557
-1.64055	-11.9065
-3.30893	-12.1257
-0.278153	-13.718
-0.774759	-11.1295
2.43036	-7.79541
-4.13787	-11.8845
-2.62698	-11.0885
6.3313	-6.84796
3.88496	-0.885032
-8.05073	-11.9939
-10.293	-9.88091
-9.93652	-12.6299
-3.9899	-15.6116
1.95559	-13.2066
4.17351	-10.7158
-3.20666	-7.62792
-5.92687	-14.6926
-6.98705	-12.4009
-4.1209	-7.92777
1.53151	-4.93753
0.512468	-8.30575
-0.711249	-13.1527
-2.19896	-16.0466
-6.82476	-11.5103
-2.31547	-10.6999
5.94929	-1.57026
2.39458	-7.02816
-0.597487	-9.68747
1.41084	-8.92846
0.384397	-7.85503
1.10113	-9.18145
0.54743	-7.41561
0.760341	-8.41703
-0.234671	-8.20714
-0.411327	-9.67518
-0.83265	-12.7007
-1.37932	-20.6854
-2.40122	-19.9526
-3.30865	-19.3177
-1.62071	-19.3424
-3.09722	-19.0857
-4.82487	-18.8611
-4.5405	-18.7666
-4.469	-20.6828
-8.52823	-20.7271
-3.19022	-18.2696
2.10838	-13.1791
3.78598	-15.4971
0.420998	-13.0208
2.31099	-11.4051
5.08265	-3.50029
5.03625	-3.43608
4.55197	-8.9567
1.06035	-7.69501
5.75854	-4.32463
4.06747	-6.66742
1.94732	-2.93908
2.10073	-6.69214
-0.0611802	-9.82353
2.54344	-6.13118
1.69042	-3.29818
-7.40051	-15.7838
-8.01596	-20.859
-10.227	-24.2258
-11.0189	-22.2523
-9.716	-22.3097
-11.5608	-18.2092
-10.2686	-17.8709
-4.16582	-10.2113
-3.60638	-7.67074
-3.37092	-6.79547
-7.55694	-8.88139
-3.82174	-3.04463
-3.95085	-11.1967
-6.75191	-2.64874
-6.53923	-7.25854
-4.68396	-7.91019
-2.51305	-2.06187
2.4057	-2.2795
1.92304	1.63558
0.422243	-1.65223
-9.30793	-12.3482
-9.71165	-10.1859
-9.19433	-9.33865
-8.35271	-10.4266
-9.37654	-10.4178
-10.1123	-9.4108
-10.0994	-11.3406
-11.2893	-10.7776
-3.12242	2.65149
-3.58871	-1.71914
-1.54329	-3.37862
-12.1247	-4.85943
-4.85201	-5.1829
-1.28654	-6.88895
-13.7393	-17.2629
-10.4052	-23.333
-6.93242	-27.2451
-6.2776	-23.5443
-1.29307	-21.286
0.833326	-26.4364
-1.18101	-23.5922
0.78048	-23.1618
-0.431164	-21.1487
-3.59994	-18.95
-2.52	-18.6597
-2.57869	-15.8889
-3.84802	-15.2889
-3.73975	-14.0151
-3.90803	-13.1128
-5.77494	-10.695
-6.1261	-11.156
-7.3926	-9.96423
-8.97231	-9.00136
-3.89172	-9.44695
0.0493217	-9.81213
-2.92911	-9.09969
-2.69377	-8.80206
-11.6297	0.665344
-1.61279	-9.63763
-12.4834	-12.111
-11.1545	-13.1948
-12.0375	-11.4045
-10.1206	-9.44099
-9.7387	-8.72187
-10.4078	-7.30751
-7.60936	-9.26804
-7.40471	-7.93309
-3.99997	-4.81599
3.60926	-8.436
4.41046	-6.24273
2.08011	-13.5121
-1.67697	-11.9857
-1.33339	-9.58736
-1.08587	-14.0704
-4.65922	-13.5848
-3.52763	-19.0321
-0.036861	-15.7592
-3.84357	-21.1299
-9.66144	-23.5845
-10.0985	-24.5047
-8.83989	-25.62
-9.2159	-25.437
-7.78026	-25.6528
-5.38468	-22.5574
-4.30179	-15.5296
-6.03865	-9.20498
-6.02254	-9.39722
-9.68996	-7.93493
-11.5001	-6.5564
-12.4961	-8.53822
-14.4355	-5.63107
-11.3579	-8.24902
-10.35	-9.75709
-7.97804	-14.4223
-5.14832	-19.4251
0.809431	-10.3152
-0.632052	-16.7642
-4.18671	-6.58569
0.517029	-5.79568
1.23004	-10.2146
-4.733	-10.5751
-3.77102	-12.4493
-4.18655	-13.1724
-1.81107	-16.0312
-3.00064	-18.142
-3.4589	-20.2547
-4.98151	-22.4055
-7.17075	-25.0992
-8.79066	-24.8308
-10.953	-22.6608
-11.3889	-19.9356
-11.6803	-17.3855
-8.44932	-19.722
-6.78317	-19.1944
-5.9801	-21.4795
-4.5057	-22.2997
-6.1226	-21.9969
-6.83723	-21.2734
-6.24017	-20.6026
-4.60463	-19.2996
-6.32813	-19.0891
-4.89002	-20.851
-5.75424	-18.5328
-6.67871	-14.3694
3.37112	-4.10688
-8.1004	-1.98424
-9.80278	-9.91353
-12.17	-6.63031
-7.2188	3.33541
-9.47477	1.45033
-12.2127	3.27898
-4.51973	2.26859
-12.7707	-0.775971
-9.00206	-2.27923
-2.6295	-7.61936
4.098	-4.98249
3.07799	-3.53856
-0.784504	-5.90821
-1.18378	-4.70485
-0.31277	-5.73843
0.0349877	-5.06925
-0.45143	-7.42725
-1.37512	-4.62664
0.587996	-6.81776
0.781488	-10.4992
2.11989	-6.99463
3.25037	-7.96964
-0.423574	-5.10812
-2.12471	-3.76484
-1.92925	-7.26458
0.334809	-7.21129
-1.38376	-5.01089
0.172367	-9.79252
3.54902	-4.83233
5.12331	-0.92512
6.16953	-13.5939
1.51563	-5.12364
3.26692	-4.15699
4.85885	-7.43702
1.4147	-4.11828
4.10066	-8.04862
4.88405	-5.29645
5.41898	-6.60776
5.83266	-2.70458
-0.00709953	-8.44631
5.87849	-3.06529
0.667616	-5.30627
4.26957	-2.81068
3.6188	-5.9432
4.74545	-6.60605
1.47122	-11.2446
-0.799344	-5.38066
5.99574	-5.84488
7.90071	-10.9289
-1.46565	-21.3877
-5.55255	-15.7055
-4.73829	-19.1459
-2.51901	-20.3498
-1.90416	-18.4321
-3.54292	-14.8411
-2.56281	-13.0264
-1.60283	-24.3624
-6.27113	-27.3273
-2.78502	-26.8336
-3.21973	-26.2266
-6.26092	-22.5943
-9.15312	-16.6742
-6.71878	-19.031
-1.88619	-10.7685
0.471937	-3.30917
-1.34607	-4.14228
-7.64356	-8.964
-6.39128	-5.25321
-6.81017	-1.22573
-10.8689	-5.62048
-9.79086	-7.80297
-6.83159	-7.58978
-10.1822	-11.2464
-7.89009	-16.8055
-6.01414	-21.8271
-5.76511	-24.4487
-6.5184	-22.7656
-4.93891	-22.7911
-5.30807	-22.5205
-6.06158	-22.7343
-5.91821	-23.0524
-5.93093	-22.0519
-6.52218	-21.0035
-5.39006	-18.9519
-2.38054	-19.6254
-2.36209	-19.2447
-2.61201	-21.02
-4.00823	-20.3576
-4.36484	-20.2726
-2.89641	-21.2886
-4.2038	-19.6592
-6.99198	-19.3817
-6.41103	-20.7458
-10.7409	-17.2953
-11.3537	-15.1263
-10.2748	-14.9017
-8.67743	-10.1986
-7.67303	-8.95418
-7.508	-17.5686
-6.6508	-18.241
-3.59314	-16.9309
-9.07556	-6.80976
-8.84744	-6.3028
-10.0106	-5.70466
-9.15621	-13.7583
-6.37032	-16.7626
-5.71772	-14.7589
-3.31047	-12.3473
-1.86594	-11.9291
-0.840741	-11.1238
-1.41635	-9.54706
-2.56153	-7.62543
-6.42258	-4.11676
-7.21218	-6.81897
4.88944	-3.49555
-5.63537	-12.3776
-4.13252	-19.285
-5.48873	-9.62849
-7.76566	-12.3717
-6.40073	-9.73093
-3.33513	-9.26045
-8.6731	-24.1475
-11.3748	-26.0896
-15.4298	-27.1996
-14.5306	-26.6151
-9.36131	-25.5565
-9.84533	-28.9753
-7.87124	-20.5112
-1.14873	-16.7269
-1.11472	-13.0668
-2.48391	-18.0415
-2.22808	-14.3606
-7.94297	-23.1325
-2.78239	-15.6181
-3.28874	-17.2044
-3.33116	-14.5031
-2.19337	-12.4287
-1.73127	-9.64129
-4.29697	-8.34994
-2.32059	-13.8393
1.63717	-16.7711
0.877881	-14.8783
1.14446	-15.8631
0.316649	-15.1459
-0.747546	-16.1923
-1.65809	-14.2851
-1.3558	-14.3185
-4.97331	-12.3802
-8.03212	-14.3171
-8.88691	-13.0327
-10.5141	-11.1364
-9.39121	-11.8743
-9.79599	-10.2692
-6.74852	-12.3145
-2.25055	-15.3379
-0.615066	-18.4671
-1.34068	-22.1831
-4.3926	-18.7287
-4.43662	-16.0568
-4.10222	-13.5123
-1.85192	-15.0549
-0.912282	-18.3115
0.938159	-14.2319
4.92862	-11.3888
3.43952	-11.1869
5.07935	-13.5146
2.67754	-11.0846
3.9415	-10.2042
-2.75012	-6.55079
-12.1066	-8.05661
-8.81383	-10.9171
-10.5056	-17.4927
-10.117	-24.0133
-9.0466	-25.3926
-5.60461	-28.3192
-7.31728	-27.6259
-7.22249	-28.3399
-7.20742	-26.9528
-7.11261	-22.245
1.72374	-14.444
-0.405579	-14.6465
-4.5843	-19.4558
-4.06405	-19.4027
-2.88033	-10.4723
1.19756	-12.3734
-2.69566	-10.8604
1.20371	-8.43524
-5.25844	-10.2934
-5.18961	-12.7568
-4.47984	-8.18744
-4.60955	-18.9365
-7.26429	-17.4197
-4.59245	-18.5248
-3.8128	-18.7158
-3.70103	-17.9692
-6.31565	-12.9016
-11.0316	-9.2791
-5.60652	-12.3754
-6.37172	-7.21171
-11.6961	-10.416
-5.01026	-9.51884
-3.99189	-3.74988
-9.76805	-4.84764
-6.75778	-5.27881
-1.25678	-6.46912
-5.22508	-8.23527
-7.53086	-8.75972
-2.47904	-4.58915
-5.19471	-0.945685
-5.35374	-3.92907
-12.3391	-9.51169
-8.52236	-8.58574
-2.65068	-17.8194
4.97828	-15.0184
2.41659	-10.2993
4.70914	-17.3739
-4.87124	-14.8088
-6.46017	-15.5483
-8.70991	-12.0059
-10.8525	-8.30125
-12.0604	-6.06936
-13.9273	-2.77829
-13.9292	-1.25808
-10.9317	-6.63745
-10.9908	-5.66744
-11.631	-5.44186
-11.6425	-5.1983
-9.86752	-3.08905
-9.06141	-1.06009
-7.11403	-0.14939
-4.21468	-0.710152
-1.1988	-2.08434
-3.87856	-3.19339
-0.626686	-1.10218
-1.52758	-3.23729
0.177861	-4.70206
0.8832	-4.17341
0.126383	-5.09973
-0.224115	-6.67082
-1.66624	-9.17253
-1.44696	-13.1537
-4.33467	-14.3287
-0.72954	-6.20214
-0.759085	-5.46096
-2.89372	-3.35159
-0.26099	0.23128
-0.704257	-0.188848
-1.36176	-2.49232
2.62754	-4.78775
1.0432	-1.06589
-2.67027	-7.89695
-0.822057	-1.93119
0.249429	-5.71197
-6.52799	-2.19034
-8.45548	-2.06218
-7.78736	-9.65178
-3.23762	-1.81756
-8.85377	-0.939637
-5.18208	-5.29912
-6.70418	2.79696
-7.02434	-2.32843
-10.3161	-6.29936
-12.0757	-7.07335
-10.9239	-2.69382
-5.52383	-4.05644
-5.18176	-4.40939
-5.51887	-3.79968
-0.319728	1.15059
3.56841	-1.60151
0.909135	0.505833
3.80645	-6.81466
-0.854436	-8.60195
4.28386	-2.9848
-0.508893	-7.88647
-0.0568325	-8.7935
4.08313	-6.40744
2.99585	-5.82294
2.25594	-5.94607
4.20725	-3.34182
-2.10795	-4.55551
1.76246	-4.90643
0.209855	-0.0339271
0.800063	-6.91301
2.7782	-6.3866
5.92542	-1.50372
4.4814	-7.8362
2.98897	-2.02976
3.18864	-4.26592
2.56215	-5.70827
5.29987	-1.72203
2.01326	-5.25183
-1.23331	-19.2459
-7.02169	-16.8969
-3.85243	-18.6762
-5.30864	-10.7146
-6.95489	-10.069
-4.75741	-17.0592
-7.48217	-15.0728
-9.12125	-12.8495
-10.6787	-10.4643
-10.721	-11.2971
-12.6354	-8.20787
-11.9434	-7.78945
-9.75059	-12.5507
-4.64798	-9.02401
0.362972	-7.92697
-1.70215	-3.15031
-0.293485	-5.04936
-1.33889	-6.81643
-3.30956	-0.305748
-4.83582	-4.36375
-1.9021	-4.66179
-1.45781	-5.34511
-3.15207	-9.63252
-7.3036	-6.20933
-8.05964	-6.54837
-7.00916	-4.93687
-4.93469	-5.39221
-2.16422	-7.7394
-0.759551	-11.5753
0.0766066	-14.3314
-1.30119	-13.9112
0.676947	-17.5179
-1.57983	-16.1169
-2.86867	-15.8034
-7.24381	-13.6828
-4.1153	-19.3319
-8.11129	-13.0972
-8.9636	-13.1835
-8.39136	-12.5613
-10.5053	-11.2929
-11.4849	-11.6602
-14.67	-8.78222
-11.9517	-12.9272
-11.9795	-10.4971
-9.91901	-8.55265
-11.0833	-10.0352
-9.62693	-11.8584
-11.2986	-9.24122
-10.8238	-8.9407
-10.6568	-6.89814
-11.3748	-6.45881
-9.95264	-9.8708
-10.8701	-10.5071
-9.53154	-9.8978
-4.23187	-6.6183
-5.87194	1.00241
-5.67416	-2.86907
-11.6244	0.208929
-12.2418	-3.19676
-3.15926	2.8095
-5.31739	3.79721
-4.99011	-1.00489
-10.4838	-2.97575
-7.19813	-0.322999
-3.90795	-3.83727
1.01142	-5.32826
2.96459	-2.88342
-5.73896	-3.74161
-1.49962	-13.923
-8.39926	-17.6951
-2.2079	-22.946
-4.96475	-21.1945
-7.23243	-21.4764
-6.9099	-19.737
-5.81852	-21.36
-8.00559	-19.4341
-10.2966	-17.4492
-11.4007	-16.472
-12.743	-16.9895
-12.769	-15.1904
-12.1091	-14.7285
-11.9612	-17.5373
-11.6516	-17.7117
-9.47816	-17.0794
-8.50328	-13.9189
-9.51933	-13.8711
-11.5386	-14.847
-8.13536	-16.0486
-6.68588	-18.7684
-5.53014	-16.0649
-3.74034	-14.0875
-6.62141	-14.4404
-3.86819	-11.993
-7.1171	-9.59187
-7.86823	-8.79879
-7.65227	-5.42031
-6.45136	-3.62525
-4.29991	-5.06924
-2.99722	-7.07558
-6.83353	-3.95704
-6.0454	-5.25983
-12.8024	-3.21227
-16.438	-5.38224
-14.6146	-10.0621
-14.4574	-7.61822
-12.727	-9.80732
-16.3637	-12.1589
-14.5039	-12.0388
-17.815	-11.6261
-15.839	-4.63129
-10.9133	-2.9914
-6.21688	-5.16126
-2.20538	-6.81657
2.38485	-10.8611
2.24078	-13.9333
-0.688184	-15.3251
-0.551544	-21.9919
-0.973016	-17.5767
-3.57773	-13.9413
-3.93844	-11.5661
-4.78948	-11.2722
-4.99901	-11.6925
-4.28024	-15.2285
-3.99064	-17.8173
-4.20906	-18.2481
-2.5296	-18.4107
-0.126828	-17.987
2.12488	-18.0881
-1.4733	-11.8829
-1.19325	-11.0357
-0.33737	-8.87275
2.07774	-4.86314
7.02905	-8.87707
6.89486	-6.71328
3.9984	-4.81175
7.97885	4.19995
4.7019	-3.08227
7.08868	-2.12428
1.40291	-0.591123
-0.0675775	3.56038
1.38371	-1.56595
-0.573425	-8.08282
7.71455	-3.64894
4.64561	-7.47176
3.50331	-7.31778
3.45939	-7.13967
2.09241	-5.86788
0.667711	-10.9829
7.37248	-3.30238
-0.234166	-7.21851
4.05777	-6.80258
8.29167	-9.68417
6.34219	-5.41694
7.66847	-1.63487
5.06257	-5.94615
3.93822	-4.31612
5.277	-5.45326
5.65256	-5.87726
3.99324	-5.92205
9.60072	-0.940314
7.71856	-9.32408
7.38504	-5.73938
7.36125	-8.85001
5.72411	-5.56562
6.45207	-6.12908
4.43676	-9.98969
-1.39087	-4.54608
-9.88437	-12.8362
-3.27916	-7.61864
2.75027	-5.69271
-5.91524	-13.393
-8.26118	-8.22173
-11.6986	-6.04694
-10.7958	-7.36618
-10.9163	-8.12372
-9.71059	-10.5549
-11.2348	-9.27213
-9.79333	-10.1516
-8.72817	-9.82422
-7.99983	-10.4667
-1.5279	-18.3799
-1.97767	-18.5667
-2.13725	-19.6268
-3.28193	-20.9991
-4.73599	-21.6799
-5.10896	-20.8648
-3.40233	-21.4465
-4.12088	-22.7959
-5.30525	-18.0554
-6.59769	-18.4397
-7.03385	-15.1022
-8.61486	-13.6044
-8.53469	-11.5995
-7.1384	-15.1195
-7.57372	-13.9732
-7.41409	-11.6754
-6.20306	-9.83535
-4.71742	-9.41967
-3.4693	-8.39625
-3.02232	-8.33739
-3.77106	-6.82943
-5.09298	-6.7187
-6.90233	-5.56764
-8.16293	-6.10088
-7.626	-9.2273
0.701519	-11.7098
-4.40468	-9.86548
-1.28176	-5.85098
-4.5009	-12.174
-6.30217	-10.7754
-2.07555	-6.13284
-1.55661	-5.39951
-3.21406	-4.96223
-4.27213	-7.01761
-3.65618	-7.35344
-4.24174	-7.21162
-9.08894	-11.2041
-6.23272	-12.824
-2.48056	-18.4891
-7.58897	-14.2347
-6.23657	-14.5844
-7.24052	-10.4959
-5.8461	-9.46287
-2.95059	-9.37036
-2.7574	-7.83893
-0.967996	-7.95318
-0.514022	-7.25878
1.02538	-12.1325
-1.13964	-8.55298
-1.81577	-7.12439
-6.61928	-8.70258
-4.62331	-11.2027
-8.70997	-9.58084
-3.04229	-10.4183
-0.677028	-10.1914
-3.19262	-3.43831
-0.94431	-7.64209
-3.47077	-5.5282
-0.653537	-1.19534
0.958703	-3.43049
-8.05569	-12.1637
-9.29164	-9.05132
-13.3085	-11.8861
-2.40258	-8.77203
-4.59252	-8.64874
-1.91638	-10.8574
-10.7049	-21.5486
-10.9588	-21.9948
-8.49333	-21.7134
-7.51949	-23.4226
-5.90145	-26.3437
-4.21907	-27.7535
-4.6757	-25.8191
-4.55299	-24.0233
-4.07582	-21.9795
-3.30893	-20.5478
-3.32233	-18.775
-2.99961	-19.348
-2.42128	-18.2393
-3.8486	-15.2816
-4.8904	-13.3469
-6.44347	-11.0013
-6.31515	-14.3278
-7.81422	-15.9007
-2.99429	-12.9977
-1.74061	-7.27745
-0.33345	-0.204581
-4.75431	-7.37775
-8.07707	-3.805
-5.41679	-4.3091
-7.5009	-2.30244
-7.52528	-7.47759
-3.42668	-5.59424
-9.90822	-9.19325
-5.54936	-7.30727
0.380216	-10.3192
3.82043	-13.7183
-3.61532	-19.8718
-6.42351	-18.2304
-7.48858	-14.8227
-5.74105	-13.8343
-4.62517	-13.8722
-5.11867	-11.638
-4.71696	-13.0091
-12.9082	-4.81353
-10.043	-6.38851
-9.84127	-6.13133
-8.69592	-7.39047
-5.76197	-9.44712
-0.15893	-12.0248
-0.53218	-9.87381
-3.29745	-9.4471
0.556445	-7.83462
1.63786	-9.43701
-0.21178	-12.3203
1.37131	-11.3945
-3.10931	-12.3277
-3.54272	-14.6279
3.07422	-7.5253
-2.23965	-8.21608
4.17547	-9.4237
-4.51848	-8.49565
-5.14423	-7.85018
-3.37552	-6.71255
0.0886212	-9.19685
-0.540039	-7.50451
0.494608	-8.45084
0.0802963	-6.91412
0.600308	-8.42343
0.696623	-10.4061
1.22361	-12.6163
-2.63592	-13.1169
-7.50085	-8.93733
-6.20444	-11.5903
-8.74428	-6.05602
-6.38188	-13.9741
-4.54053	-18.3378
-6.78269	-23.1868
-9.72239	-21.7795
-11.4878	-21.965
-13.6961	-19.8265
-13.2342	-22.2961
-16.2489	-18.0281
-15.1058	-19.0112
-10.8897	-21.2386
-10.0159	-20.2591
-10.2557	-18.7683
2.36552	-12.1367
-0.597556	-7.30385
4.53409	-4.42366
1.34765	-1.9916
2.97271	-9.61757
2.74995	-8.19003
4.05388	-9.36264
-1.28291	-12.2862
2.65136	-3.97258
1.13551	-5.04202
3.65433	-9.52188
5.02266	-8.6612
3.02118	-7.42623
-5.84804	-11.1879
-4.3566	-9.28432
-8.42906	-10.2412
-8.61673	-7.34746
-4.74453	-6.09753
-3.51573	-12.8995
-2.72115	-14.0602
4.48063	-9.40947
-0.00783377	0.216435
1.06053	-13.787
0.591049	-5.7004
6.63798	-6.23761
3.53171	-7.93109
4.53281	-4.74144
4.34373	-6.87091
5.58122	-6.841
4.56972	-8.33393
6.013	-1.97605
-2.81099	-11.0317
2.68806	-5.99463
6.19157	-1.27624
1.52746	-4.47306
2.73825	-5.57412
2.90905	-4.79943
7.55617	-4.57876
6.23819	-5.50451
3.06671	-7.3867
-5.69978	-14.7741
-7.2594	-19.5441
2.17401	-17.3235
8.10193	-13.9227
6.78639	-12.7566
-1.29658	-13.7108
0.821601	-16.3605
-2.31604	-18.3088
-2.93074	-22.8046
-0.848947	-26.9004
1.68462	-25.7299
-1.53216	-17.7828
2.84261	-16.3083
-0.362084	-14.0508
1.28051	-11.661
1.87295	-14.8609
-2.58043	-11.1527
-4.16763	-16.1361
-6.24434	-22.8531
-8.13289	-25.2325
-13.3848	-21.1638
-12.9347	-19.5509
-12.8071	-20.5707
-10.1522	-21.6156
-4.77393	-21.9245
-2.9444	-14.8648
-5.81145	-20.6197
-1.86554	-13.3849
-4.86793	-16.9748
-3.72006	-11.4793
-6.28037	-9.5127
-2.50814	-7.95776
-7.71359	-17.0876
-7.23172	-25.7897
-8.6038	-22.5303
-8.37427	-22.163
-8.19125	-21.3295
-8.08025	-19.547
-7.7717	-18.8729
-7.96447	-19.8108
-12.0352	-17.4443
-9.97777	-16.7287
-7.94563	-13.3192
-2.88774	-11.9285
-3.19302	-9.9388
-1.3389	-3.79271
-3.71017	-2.45086
-2.18786	-9.5911
-3.59438	-20.2554
-7.34819	-17.7998
-6.61054	-20.1391
-6.79934	-16.8647
-7.47926	-17.638
-15.8436	-15.1261
-11.7039	-13.7364
-9.34968	-13.8556
-7.83687	-15.3928
-5.29516	-16.9359
-5.64439	-14.5867
-6.58839	-14.4587
-5.26566	-15.6174
-5.09637	-14.63
-4.67507	-14.7486
-5.88687	-11.8388
-6.49583	-12.6124
-5.81898	-10.1412
-1.86389	-12.2699
-1.55578	-5.20362
-1.0055	-6.86535
-6.09809	-6.03704
-5.43836	-9.11888
-3.71596	-6.68551
-9.40765	-8.9922
-9.94654	-11.6676
-1.84456	-10.6121
0.583705	-5.77344
-6.41952	-22.2294
-9.3502	-25.8435
-11.5067	-24.7098
-11.7969	-25.116
-11.4496	-23.1385
-11.0522	-24.4796
-12.453	-25.4762
-11.3119	-25.7614
-10.5064	-28.0442
-10.6402	-25.8993
-9.41593	-25.1071
-9.37745	-25.1912
-9.17851	-25.0748
-9.19859	-24.4068
-8.81313	-22.6697
-8.03949	-21.9467
-8.02346	-20.2407
-6.01655	-18.8834
-5.39821	-18.3063
-4.06237	-17.3507
-2.24267	-17.3614
-1.16677	-23.6716
-0.495023	-26.3059
-1.09772	-25.5108
-1.74887	-22.3792
-0.576305	-22.7608
-0.788678	-22.194
0.26847	-22.8864
0.00651945	-24.2645
1.47274	-24.0292
1.11089	-22.8643
1.24173	-23.3439
1.13866	-23.791
-3.66439	-17.6412
-4.98336	-18.0187
-3.96922	-18.6462
-4.6159	-17.2177
-5.20597	-17.276
-6.4705	-16.9619
-8.16501	-16.6667
-9.20535	-16.4158
-8.57746	-15.9644
-7.74825	-10.9802
-5.25723	-5.77563
-0.226621	-9.96389
-0.946736	-10.0694
-4.50979	-13.2597
-1.9033	-18.0438
-3.148	-22.2389
-4.1898	-23.4337
-5.2836	-24.7746
-4.25308	-25.3805
-4.18429	-25.1871
-3.3841	-21.6787
-11.8267	-10.7556
-10.5471	-11.5475
-7.18952	-12.7168
-5.12186	-16.8537
-6.97186	-16.0573
-10.4538	-11.4809
-11.5142	-10.9611
-12.827	-8.01554
-12.5186	-9.16751
-12.6002	-9.34139
-12.3045	-10.0199
-11.7685	-10.55
-11.3628	-10.0226
-9.80843	-10.3311
-7.70357	-9.67835
-6.59947	-10.2163
-6.82831	-11.1584
-7.17095	-12.4109
-7.94854	-12.184
-8.4859	-10.8539
-8.17202	-10.1863
-7.8943	-9.55624
-7.15816	-9.70072
-7.1238	-9.83921
-5.70254	-10.7334
-5.79181	-8.41782
-6.31228	-8.6138
-6.53999	-10.3119
-7.4613	-8.09413
-6.60387	-3.16354
-8.59446	-2.69808
-8.89554	-3.48324
-3.21237	-4.52724
-6.99523	-5.01059
-4.35547	-6.21885
-4.66317	-13.583
-2.31504	-10.5771
0.310936	-13.207
-2.32987	-11.653
-5.25867	-9.7495
-3.66347	-12.9708
-2.4513	-12.1016
-4.49077	-10.0852
-3.90356	-10.6685
-4.31765	-10.6325
-3.34351	-11.7319
-3.3686	-11.7231
-4.21742	-10.1444
2.40435	-13.5471
-0.644551	-12.0275
4.95573	-13.5483
4.93075	-9.43356
3.65901	-5.87824
3.05626	-6.82525
-5.69321	-9.97339
-5.93065	-15.3823
-4.52317	-5.24996
-9.8939	-16.7085
-11.448	-22.2413
-12.8817	-20.2095
-10.3974	-20.7712
-5.20402	-17.0402
-4.58023	-19.0725
-3.01916	-19.2526
-2.85664	-19.4146
-3.99786	-17.172
-3.01881	-18.7615
-4.91017	-17.5046
-5.98319	-17.7192
-1.9941	-15.1634
-5.41698	-11.257
-3.02535	-8.91939
-3.97751	-4.55336
-6.01878	-0.634176
-8.29072	-1.5988
-1.38327	-5.51938
0.719765	-7.04582
-0.591534	-4.15369
-0.618081	-6.06463
0.298158	-5.40693
0.897946	-0.754969
-11.0433	-9.33628
-11.0875	-10.425
-6.63378	-17.383
-6.19731	-13.8107
-7.9173	-3.77884
-13.3149	-4.67132
-11.6966	-10.6462
-7.23004	-17.7465
-10.463	-18.0617
-9.50285	-17.8015
-10.5279	-13.8142
-7.21388	-17.9242
-4.88444	-11.7634
-5.93881	-3.85762
-11.2786	-3.02427
-6.77027	-0.690935
-13.5062	-10.4085
-11.8473	-3.44384
-6.8198	0.163822
-9.77529	-5.73723
-8.9747	-9.73865
-6.05826	-15.3219
-3.91178	-9.48859
-3.34887	-10.7031
5.15924	-4.36203
-0.710833	-11.393
-0.175148	-9.30276
1.76175	-15.3846
1.73136	-13.341
0.512798	-12.3462
2.22216	-12.0631
5.08539	-11.9104
-0.619232	-9.55098
2.84404	-13.6968
0.242702	-16.865
5.6323	-13.6208
0.324723	-15.564
1.23453	-17.1188
1.60516	-17.5189
-2.56726	-15.1555
-2.2682	-14.0507
-3.01545	-13.6503
-2.95073	-12.6623
-5.53404	-9.62775
-3.72621	-14.6686
-5.65233	-10.6341
-0.767987	-13.8073
2.52254	-11.7097
6.63821	-10.7191
9.73636	-6.1444
-13.7516	-6.62938
-9.07821	-7.16804
-4.17547	1.54033
-4.76049	0.813457
-13.7531	-7.26343
-7.49819	5.5346
-10.9263	-5.615
-10.4524	0.188701
-12.5094	-0.182456
-7.73488	-1.77755
-8.4801	-5.38516
-5.06551	-2.61136
-2.04543	1.85932
-2.1061	-13.1533
0.864676	-1.37421
4.40171	-2.45801
3.31803	-4.97193
5.969	-9.36152
5.80943	-2.08972
7.87658	-1.42686
0.10106	-4.67574
1.52857	-1.72374
3.01914	-6.63911
5.3411	-9.86167
8.06089	-4.07215
2.7166	-6.42428
0.654354	-10.1133
-1.76673	-7.69238
-1.51456	-3.89042
7.03573	-8.2317
0.135079	-4.93105
1.68947	-3.88982
6.15824	-4.95218
3.50289	-6.33089
3.66665	-6.28033
0.569068	-6.28841
-0.953926	-11.5647
-8.19781	-26.8201
-3.33609	-20.1002
-11.0721	-14.469
-14.1433	-15.9541
-15.457	-19.1354
-15.0703	-21.6015
-14.2542	-18.3716
-15.1936	-20.402
-15.7042	-21.5792
-16.2754	-20.9538
-14.044	-19.7468
-8.66817	-20.6713
-5.30963	-19.7328
-2.89397	-18.8581
-2.80272	-15.448
-2.61156	-12.7479
-2.88315	-13.2559
-1.13163	-19.7885
-2.77127	-19.0162
-2.35419	-17.1033
-1.21836	-18.6522
-2.8324	-15.1869
-8.43916	-6.38036
-3.09399	-10.3604
-7.03113	-6.68098
-8.40346	-5.30447
-9.50082	-3.24722
-10.4348	-3.72134
-11.321	-4.94397
-9.78017	-6.6849
-3.00657	-9.64997
-5.53307	-12.251
-3.05555	-13.1202
-2.99198	-13.7342
-3.13152	-13.8733
-4.1856	-10.6636
-5.68711	-6.43448
-6.5639	-9.20947
-10.6451	-14.9497
-1.36593	-8.1228
-7.84346	-8.66072
-11.9462	-7.25776
-13.0433	-6.28508
-12.9001	-6.64487
-12.6296	-7.07419
-10.806	-6.39024
-5.78196	-9.0449
-5.85754	-17.0025
-3.53407	-12.3047
-8.38236	-12.0184
-6.33101	-10.2906
-6.30879	-9.89578
-9.30185	-13.9939
-4.75085	-10.6276
-7.86354	-8.29023
-7.22183	-7.26698
-5.19259	-8.12063
-6.73019	-6.68432
-6.58488	-5.97978
-5.95193	-3.9907
-5.885	-5.36045
-5.39519	-8.89169
-6.81549	-8.19643
-6.2083	-9.242
-4.84511	-9.46892
-4.53285	-10.4649
-1.21387	-12.9348
-0.204349	-14.5641
1.06614	-15.7414
0.637897	-15.3427
-0.210062	-14.8829
-0.941786	-14.0379
0.0504927	-13.8627
1.41042	-14.9559
-0.71839	-12.6653
-0.335855	-13.9002
-1.39988	-13.1531
-2.14948	-12.708
-2.55082	-10.9281
-2.98847	-8.54368
-2.36619	-8.22066
-13.2059	-10.1456
-15.0476	-4.32359
-15.3622	-2.90192
-15.3366	-1.23744
-15.5024	-0.903885
-16.008	-0.700556
-17.3136	0.535316
-17.8788	-0.576601
-17.7254	-0.693131
-16.9424	-2.98967
-12.9151	-7.02915
-9.22826	-10.2109
-5.19795	-11.6561
-5.56198	-11.4184
-0.494882	-12.6561
-1.22567	-8.91465
-0.056491	-6.17353
0.35963	-12.9185
-0.87119	-11.2449
-1.24742	-15.8041
-2.07135	-17.3697
-2.1055	-20.4904
-5.80285	-19.8547
-7.97227	-17.2458
-9.48279	-14.0908
-9.93686	-12.2126
-12.5478	-8.02647
-11.4436	-4.97364
-9.04283	-5.60779
-8.63243	-6.26821
-9.78269	-5.02676
-7.57714	-8.16919
-9.95548	-5.11641
-10.1344	-5.45932
-9.60431	-4.05592
-9.32435	-1.7969
-8.50194	-3.47642
-6.78211	-2.85807
-7.38412	-3.76234
-8.6046	0.0880932
-7.45544	-3.95573
-8.64018	-3.69595
-8.80035	-5.60236
-6.08046	-5.86047
-5.46152	-6.90143
-2.46348	-7.02968
-0.754697	-7.02546
-0.108787	-8.73134
-0.219201	-9.05806
0.19804	-10.7697
2.57561	-13.9229
3.74046	-16.6532
3.70256	-18.0082
2.07925	-20.4486
0.428298	-19.8285
-2.07584	-17.8631
-1.64563	-18.4242
-2.8321	-18.4927
-2.97904	-15.5012
-4.66199	-11.5312
-3.68	-12.2162
1.44097	-15.5868
1.8334	-8.82198
1.43444	-0.818035
-2.21312	-5.59079
-2.26839	-2.15031
-6.49311	-2.10025
-10.2173	-8.66822
-7.32745	-9.78115
-7.58002	-12.4607
-5.72278	-7.37403
-3.79251	-8.31175
-1.71448	-7.10469
0.340952	-10.1175
-13.9163	-16.1105
-7.76661	-27.1484
-9.37188	-25.4034
-9.4737	-22.6696
-8.66825	-22.1457
-5.73804	-23.2643
-9.77981	-16.3959
-3.39566	-21.0261
-11.3421	-15.0938
-6.95833	-15.6135
0.331791	-12.7421
-0.241429	-7.12568
-7.51148	-8.65936
-10.5253	-7.42708
-7.22523	-6.58877
-4.87172	-2.53112
1.84815	-8.46765
8.26897	-7.10863
-1.83646	-15.5032
-1.13249	-8.44162
-2.18962	-8.012
-1.30843	-8.88785
-4.56961	-10.513
-6.464	-5.4908
-3.07851	-14.206
3.07565	-18.2011
-1.76232	-20.7462
-8.56633	-8.48912
-5.06872	-11.2229
-4.85565	-11.2291
-1.55998	-9.54041
0.840676	-8.90057
1.83233	-7.51572
0.824547	-5.13197
-1.30412	-2.6396
-6.01388	-5.22508
-2.20847	-8.81616
-4.7443	-11.8626
-2.0019	-12.1594
3.6426	-4.84604
1.80579	-5.96877
-8.55222	-7.97756
-5.78289	-4.95002
-7.43544	-8.2672
-7.07945	-8.87772
-7.194	-6.72821
-10.2545	-12.8469
-9.74825	-15.8006
-6.71023	-14.303
-2.9216	-8.78547
-4.11352	-16.0116
-8.2507	-19.7424
-11.5868	-21.0403
-10.683	-19.2271
-9.0145	-19.7276
-2.43326	-19.6205
1.55436	-12.5609
-1.7745	-11.7713
-0.962635	-13.6234
3.49475	-6.14613
1.47871	-6.74507
2.74363	-7.28876
-0.720398	-7.67928
2.7354	-4.80581
-8.03302	-1.12644
-4.39612	7.09384
-2.68951	0.375594
-13.4941	-4.82754
-2.67948	-6.98717
1.42885	-0.455527
-4.00147	-13.4448
-12.3108	-6.28911
-11.6891	-9.45427
-11.7795	-8.11806
-11.7177	-8.58378
-9.07858	-10.8824
-7.04149	-14.2899
-8.12362	-11.4821
-8.64417	-12.2817
-9.0911	-15.2042
-6.72052	-14.1969
0.146234	-14.4475
5.55811	-5.97087
4.85381	-8.73959
-17.4596	-3.62825
-11.1818	-2.06201
-6.09001	-9.97543
-2.1772	-8.19409
0.940913	-4.97828
3.01847	-4.11872
5.75243	-8.04632
-1.3484	-9.06664
-6.0948	-11.7268
-7.85292	-9.07069
-6.08412	-11.8118
-6.3184	-9.41659
-8.33141	-4.84171
-8.90711	-1.64126
-9.0446	0.359827
-11.9346	2.82768
-13.2679	1.9021
-13.7929	0.246249
-16.1063	-1.27989
-13.0856	-6.73091
-13.6277	-6.78318
-9.2286	-13.4451
-9.75966	-10.9486
-11.3421	-14.7928
-8.35704	-16.996
-2.58848	-11.2709
3.63372	-2.18856
1.50015	-5.57615
-2.79221	-9.05799
-1.17583	-10.5571
2.79451	-6.33171
-1.71062	-11.7571
-1.12008	-11.2117
-3.73545	-7.20602
0.572979	-9.08555
1.01451	-6.22762
-1.3921	-8.83447
5.22972	-7.95541
0.345103	-7.28539
0.819282	-7.99626
5.20016	-7.69556
3.75102	-1.95791
3.65708	-1.62312
2.52727	-7.20722
0.293694	2.00294
2.76392	-2.63713
3.33257	-6.70961
2.52182	-6.18306
3.54525	-3.16617
2.39031	-4.9023
-1.00425	-12.4424
-3.16163	-11.3139
3.80957	-1.61169
-3.33864	-12.4857
-2.36729	-8.49394
-1.82126	-5.65561
-3.33755	-1.15895
-3.09012	-1.40472
1.52005	-8.38669
-1.33141	-3.93216
-3.39806	-2.15811
-4.90155	-1.81191
-6.20783	0.245819
-7.45401	-1.15194
-7.5886	-1.99155
-6.88308	-2.34894
-5.82551	-3.90204
-6.008	-3.49551
-4.46055	-3.56777
-5.02691	-2.25595
-3.80155	-2.8519
-2.21843	-5.016
-0.927668	-6.49035
-0.903939	-10.3139
-0.886605	-13.8136
-0.485327	-16.0593
2.11908	-20.6296
-6.86206	-16.6179
-4.97944	-13.2404
-7.33992	-14.1296
-3.84606	-13.1461
-2.03427	-15.3301
-6.9324	-8.13105
-7.91716	-3.81021
-14.7003	-2.63146
-14.593	-2.29941
-9.03197	-3.23689
-6.53012	-1.5364
-7.37472	-9.27139
-10.7462	-9.48532
-13.689	-11.0552
-8.77433	-11.8912
-8.06563	-10.4713
-8.41683	-9.84388
-9.14104	-10.5734
-9.12308	-11.5104
-10.7364	-7.40478
-9.77769	-11.2741
-9.8306	-11.009
-8.97879	-10.045
-9.20935	-10.6672
-7.48511	-10.0341
-8.83478	-12.5032
-6.49389	-12.319
-3.1265	-13.4572
-3.55757	-16.984
-3.84537	-15.2025
-1.64637	-18.2412
-4.2181	-20.4393
-3.44637	-21.709
-5.72283	-20.9912
-5.82128	-23.8533
-6.0785	-25.9492
-7.37942	-25.8584
-8.61495	-25.8953
-8.57149	-26.43
-9.96421	-26.4106
-10.6022	-25.628
-10.4618	-26.127
-9.84163	-25.1023
-10.8988	-24.9937
-11.3537	-24.5977
-12.4807	-23.3736
-13.412	-23.045
-12.8573	-23.266
-12.8928	-24.3216
-11.0446	-24.2756
-7.37579	-25.3852
-9.10164	-22.8554
-7.20472	-17.0859
-9.08202	-10.6313
-8.67963	-8.85907
-10.8422	-3.78449
-12.8421	-3.9856
-12.9338	-4.73594
-15.8385	-0.521958
-18.1476	-0.735966
-14.678	-6.09844
-18.2803	-1.35581
-20.441	-2.8521
-20.5987	-3.50977
-17.2973	-5.42003
-8.28292	-8.59061
-5.78962	-10.8044
3.79668	-6.39466
2.54102	-11.4906
5.50205	-8.01172
0.412088	-6.45384
-2.85531	0.423356
-8.79868	-3.45091
-7.26529	-4.63392
-9.48688	-4.56353
-9.30097	-3.37446
-8.59454	-5.90216
-5.80215	-5.13763
-2.71314	-4.20993
1.04771	-5.87711
-0.884039	-8.76676
-2.01677	-7.4395
0.456647	-11.054
-0.251844	-12.0994
-0.317514	-12.7225
0.26066	-13.7329
-0.665399	-14.9195
-0.820909	-12.9719
-4.4905	-17.3195
-5.45632	-15.855
-7.24455	-12.156
-7.04168	-10.9959
-5.10446	-12.0807
-6.04327	-15.5729
1.73292	-10.0871
-0.495207	-8.05346
-3.47936	-11.3641
-3.51526	-12.1814
-8.02735	-7.91571
-17.9287	-8.42923
-8.31828	-2.84879
-4.26702	-2.14385
-5.68511	-3.93651
2.29352	3.36172
-7.52343	-8.32718
-10.9799	-7.4548
-11.5459	-8.57826
-4.98748	-16.2288
-3.41564	-20.1378
-4.09828	-19.8303
-4.60172	-19.5555
-3.75414	-20.8812
-4.38574	-21.5143
-4.83253	-21.0579
-5.41888	-19.6248
-6.2777	-18.1071
-3.22658	-20.5565
-4.19057	-20.5057
-3.7859	-19.8263
-4.13378	-18.8996
-2.20866	-18.4282
-5.40419	-16.7003
-5.69238	-14.8419
-2.25863	-15.8058
-5.17214	-15.6688
-1.762	-15.425
0.384634	-14.5416
-0.915831	-14.9504
5.13004	-7.40211
0.484529	-12.6856
2.66161	-12.2521
2.37431	-12.3679
0.00298017	-11.3775
3.9221	-13.5788
-3.84376	-9.61982
2.52628	-3.99657
0.0240838	-4.62474
1.89188	-7.09129
3.5352	-12.6094
1.78708	-6.448
2.47365	-7.43011
4.04634	-4.98499
4.38359	-5.19084
2.02841	-8.93298
2.64178	-0.192013
2.4945	-2.90399
0.215774	-5.17023
0.113797	-1.63847
5.62122	-1.11917
4.10916	-4.40103
1.47101	-9.35303
1.26437	-2.70825
3.03061	-5.83547
6.98668	-8.6943
6.62253	-5.3149
-8.84764	-20.2186
-3.54657	-21.5834
-6.5752	-18.4532
-5.0982	-20.5298
-1.14102	-22.1963
-2.25701	-21.95
-2.8958	-18.5921
-4.66464	-13.639
-7.30086	-9.00375
-6.74877	-8.5861
-7.73267	-9.07287
-7.38285	-11.4501
-5.86425	-14.516
-4.22407	-17.0242
-4.66	-15.0292
-2.68199	-15.9161
-3.72997	-19.1658
-5.91156	-20.9617
-7.57065	-25.4724
-10.2583	-25.5045
-10.3726	-24.4964
-8.05898	-23.315
-5.68232	-23.9518
-5.67053	-19.713
-3.67521	-16.8748
-2.86074	-12.1462
3.28776	-11.6195
6.81716	-9.72599
6.72155	-8.22843
4.44484	-5.86866
6.7949	-7.41644
3.53234	-9.86854
-3.14898	-10.7086
-7.19562	-10.4329
-6.88188	-10.2776
-7.07027	-9.04535
-7.90408	-6.88656
-8.19323	-8.88684
-6.33907	-12.7145
-7.17499	-14.9566
-2.02877	-15.5639
2.97318	-12.3799
-5.10292	-7.62063
-8.19846	-8.42815
-12.2717	-8.74032
-11.9581	-5.30612
-9.5704	-8.85564
-9.80507	-5.46143
-7.43539	-4.92052
-11.2314	-4.1228
-9.51914	-6.59688
-10.3286	-13.6683
-5.87922	-11.6629
-0.507404	-14.0682
-6.83047	-23.3211
-8.38224	-25.7756
-8.84925	-20.8206
-9.7425	-19.8464
-11.0205	-17.9596
-11.1162	-17.2137
-10.3054	-15.8489
-9.47143	-14.9062
-9.19964	-14.0354
-8.86773	-12.9556
-7.72663	-13.0287
-8.1524	-12.55
-7.84436	-12.6575
-6.75036	-13.2994
-7.2829	-11.8896
-6.1697	-12.866
-6.9419	-10.8287
-7.9977	-9.70776
-8.03163	-10.2687
-8.33897	-8.28531
-9.29681	-7.48728
-8.44966	-7.84798
-8.60927	-9.21668
-8.18628	-7.99427
-8.38567	-8.55294
-8.44585	-6.44754
-9.09416	-7.81817
-7.73045	-12.8686
-6.66832	-18.1548
-6.41964	-14.2615
-4.46957	-16.1761
-2.92144	-18.5069
-5.98267	-8.58641
-6.28866	-4.77173
-2.99472	-3.42544
-8.06387	-2.41128
-10.2993	-1.79661
-10.6499	0.0183454
-7.7466	-7.33231
-5.06678	-1.21741
-3.65583	-1.70809
-3.9668	-2.13973
-5.72963	-4.53084
-2.94062	-5.41996
-4.42477	-7.5227
-3.76809	-6.87372
-7.91873	-9.78537
-6.39415	-11.5701
-4.8988	-12.6223
-5.00846	-14.0789
-3.77335	-15.456
-0.687918	-18.8811
-0.678338	-19.9919
-1.72611	-20.6536
-1.19488	-22.7661
-2.18946	-22.2867
-2.63865	-21.8069
-3.10665	-22.1022
-4.23326	-21.8768
-3.66193	-21.8947
-4.04725	-22.665
-6.88365	-24.092
-9.15367	-22.4923
-6.35519	-25.0914
-3.7438	-22.3455
-4.79154	-17.4628
-5.49425	-18.4668
-7.85043	-22.4448
-8.63147	-24.3142
-10.0249	-24.793
-9.51632	-26.8261
-8.45191	-27.3381
-7.20798	-27.5566
-4.84872	-29.6944
-6.30561	-31.8136
-5.44893	-24.2311
-5.39609	-23.3785
0.060578	-19.7705
-0.0215236	-20.4893
-5.60351	-16.2588
-9.87134	-9.45551
-8.11702	-4.32547
-13.2083	-2.57922
-13.2069	-3.76468
-8.32527	-7.17994
-2.91415	-7.59967
-6.8283	-5.92352
-0.201803	-6.13194
-4.73088	-15.0686
-6.18154	-13.7354
-8.10542	-10.7625
-9.22966	-10.0882
-6.43183	-13.2152
-5.54131	-15.6229
-6.77401	-15.9367
-6.74778	-16.6089
-1.02614	-11.7272
-3.80609	-12.8188
-0.14738	-14.0032
-2.88044	-9.40674
-3.45318	-10.4182
-3.55236	-10.0822
-8.28153	-14.987
-3.89209	-11.136
-2.32353	-12.4987
-5.76379	-17.5683
-2.60801	-21.9268
-1.81351	-21.9714
-2.59855	-20.9185
-0.875024	-20.5776
-5.65224	-22.9865
-4.01952	-21.9576
-2.35703	-21.0495
-3.28527	-19.7935
-2.00453	-20.6981
-2.72457	-21.3964
-4.89243	-18.5952
-9.33067	-12.2737
-13.4503	-9.64077
-14.7498	-8.67766
-16.6352	-9.03673
-17.2305	-10.2703
-15.4466	-12.8745
-11.2812	-17.3599
-7.50758	-19.0717
-5.72281	-18.0102
-3.83056	-16.6062
-3.08106	-17.5517
-3.81287	-16.4626
-2.33876	-16.982
3.46122	-19.6214
-0.9102	-22.4231
-1.0961	-22.1213
-0.120866	-22.5234
1.35643	-22.4652
0.65652	-20.9965
2.60769	-18.6014
0.667089	-15.2706
-0.608725	-13.0897
-0.226505	-11.9654
-0.949282	-10.5089
-0.188509	-9.67045
0.00986696	-8.64566
-1.26817	-8.66809
-1.29837	-11.662
2.57639	-17.7136
3.1495	-21.3881
0.87717	-19.41
-0.171554	-17.108
-3.51426	-14.5249
-2.68581	-16.8011
-2.57319	-15.5367
2.69733	-10.3409
3.42761	-7.3567
-1.2568	-10.6805
0.349283	-10.4848
-1.71201	-12.0969
10.7204	-10.5107
0.757654	-12.8782
1.92803	-7.14989
1.27243	-8.84855
-5.73489	-17.081
-5.55167	-25.923
-9.81868	-21.2087
-11.9538	-20.8467
-12.2817	-18.673
-11.5912	-18.5294
-10.6087	-19.5829
-8.347	-18.9564
-8.51678	-20.6842
-6.44093	-14.5187
-4.36961	-12.6389
-4.49085	-14.2339
-3.46269	-4.33725
-1.80317	-4.56901
0.00433293	-5.66161
0.228355	-5.50098
4.1322	-5.32823
1.24676	-4.47586
3.42213	-11.4447
-2.02834	-10.4994
-3.76185	-9.88924
-6.37326	-7.47931
-6.2534	-6.95481
-5.52124	-8.14639
-3.60915	-9.75868
-4.06711	-8.4934
-4.06999	-7.67655
-7.48748	-3.6861
-7.32531	-4.76858
-4.88981	-7.10754
-2.90961	-3.71227
-4.68066	-1.0613
-10.9796	-7.15027
-11.2621	-2.79912
-8.67175	5.41367
-10.6536	3.61787
-7.33936	3.94934
-13.5211	3.69919
-9.61217	-1.5642
-7.48495	-1.89766
-5.13632	2.25111
-1.78756	-8.00353
-9.61775	-7.10236
-9.7806	-6.84122
-8.92399	-5.75367
-5.37631	-9.01787
-6.14224	-8.17296
-5.7652	-8.34292
-9.80902	-6.54775
-12.87	-3.53269
-15.0178	-2.92314
-16.1606	-2.26972
-11.1006	-5.67563
-4.40021	-12.563
-1.90108	-11.1451
-2.62292	-11.6058
-7.23829	-11.8122
-3.66661	-14.5715
-1.04562	-7.50164
1.77923	-6.5158
-9.46701	-14.3106
-14.9999	-9.49317
-13.1611	-10.8302
-11.0714	-13.2055
-9.62887	-13.1297
-7.18526	-14.13
-6.32156	-14.6411
-6.23125	-13.8223
-4.77743	-14.9298
-3.77975	-13.9165
-4.07324	-12.5178
-3.25755	-14.259
-4.78324	-13.3594
-4.4727	-12.9466
-4.74499	-12.3363
-3.9145	-8.65341
-6.93111	-12.9938
-7.10425	-13.0676
-6.23874	-15.2598
-6.78284	-15.7548
-6.7434	-14.6959
-4.74798	-17.9986
-3.97735	-19.6424
-3.65106	-19.6626
-3.85932	-18.9584
-3.86411	-17.56
-4.26297	-17.5296
-4.854	-17.7791
-4.4141	-18.4299
-11.6109	-12.4968
-10.8272	-16.4275
-7.63325	-18.6745
-10.8652	-14.1978
-8.98702	-14.4705
-7.12121	-15.509
-5.08826	-16.8129
-2.53445	-18.9558
-5.53429	-16.8176
-4.60389	-18.2698
-2.57224	-17.6831
-1.1839	-10.718
-1.0789	-5.47054
-4.36841	-7.68518
-5.04493	-6.28599
-6.6493	-5.88984
-7.94214	-1.39212
-6.39103	-9.07533
-7.35317	-1.41387
-6.56426	-4.72246
-6.5053	-3.79225
-8.44027	-6.09771
-4.60559	-0.489989
3.05877	-6.3819
7.73216	0.811358
2.70073	-4.09046
1.38377	-4.12007
2.9103	-9.77033
1.95825	-8.721
-2.67558	-6.78869
-0.102978	-0.280054
-3.65381	-12.4678
-0.310623	-4.51739
-2.34315	2.6273
-0.319385	4.09876
-5.71597	-4.7725
-9.78771	-2.88908
-10.042	-3.81216
-11.3053	-3.24503
-7.51219	-7.0648
-3.65103	-9.87402
-1.08114	-19.8679
0.506797	-19.7274
1.66657	-19.8228
1.853	-22.1268
2.27344	-20.6342
-2.38031	-14.6816
0.893127	-11.3016
2.8855	-12.4223
0.467524	-11.1645
1.19858	-12.7132
2.87963	-14.0054
2.13512	-12.91
1.26511	-10.4587
0.383031	-9.88459
0.0372067	-10.9657
0.0337536	-11.833
-1.47505	-10.7662
-1.766	-9.67797
-3.77577	-9.02806
-3.12772	-11.4158
0.044051	-11.036
-3.38955	-8.70796
-4.38994	-9.29872
3.05365	-4.07682
3.69414	-5.07979
-1.03194	-2.18294
2.96253	6.06688
6.60552	-0.696981
-3.93941	-7.53807
-5.2923	-4.86395
-8.74411	-1.88338
-7.54883	0.124784
-6.19033	-3.93847
-4.67907	-4.7069
-5.36173	-5.43716
-6.6924	-8.24271
-8.43858	-7.59843
-7.18679	-7.69477
-6.41411	-8.69829
-6.17873	-12.744
-8.39153	-16.9929
-9.66195	-19.5351
-9.75198	-20.2263
-4.25312	-15.5689
-3.01681	-18.8146
-2.93086	-20.5792
-3.96241	-19.5774
-6.58055	-19.3891
-4.72883	-16.9606
-5.0741	-15.2521
-4.3843	-14.003
0.432657	-12.2188
-10.1768	-11.8587
-11.3778	-8.82784
-8.38575	-7.08633
-6.3346	-10.2024
-7.86652	-8.69835
-9.42531	-3.68443
-5.62313	-7.06958
0.256233	0.587641
1.07733	-3.61848
-0.820177	-11.112
3.14849	-7.58367
1.74676	-10.5873
3.25774	-10.5812
-0.954889	-17.3047
-5.95787	-24.315
-10.3373	-24.6472
-10.3687	-27.9807
-9.9906	-27.1225
-9.18094	-26.5955
-5.42051	-24.9317
-7.85125	-17.9554
-4.56379	-18.8612
-5.16612	-19.9923
-5.61975	-16.4247
-4.54075	-12.8031
-4.8489	-10.2907
-3.96718	-9.00746
-3.74125	-8.26644
-4.23982	-7.56987
-5.36717	-9.07684
-4.57424	-10.9116
-5.21729	-9.74798
-8.72061	-5.81924
-9.96554	-6.09081
-9.81612	-8.29966
-5.30509	-12.9358
0.661035	-8.93805
0.461147	-10.2144
-4.67382	-10.296
-4.52702	-10.6868
-3.88519	-9.24669
-4.39534	-8.06844
-6.97679	-6.05186
-0.726953	-5.83055
-6.57581	-5.94466
-7.10544	-3.98046
-4.6914	-6.97152
-4.56245	-10.6115
-4.63578	-10.1271
-3.18513	-9.50563
-6.66734	-13.0622
-6.64614	-9.21838
0.619998	-8.69128
0.763398	-7.10036
-0.698197	-8.8718
-6.28964	-6.21168
-4.65756	-9.39627
-5.75871	-12.9519
-6.30472	-10.577
-1.97122	-8.48813
-1.42626	-11.5492
-1.82583	-8.61332
-2.85072	-8.77491
-3.61238	-8.64422
1.53431	-14.1124
3.17631	-19.6729
3.85431	-20.4325
3.33112	-18.8596
3.25648	-16.4671
0.456356	-12.7591
-3.36975	-10.6049
-4.68912	-2.98245
-2.87083	-3.05094
-1.71183	-3.441
-1.34142	-5.63307
-1.72237	-6.52084
-1.92493	-8.3747
-1.83832	-11.6235
-2.69681	-13.6744
1.67977	-16.6883
-0.865874	-8.90494
-0.103915	-9.65351
3.77401	-8.21867
0.684216	-5.54059
-0.666895	-4.59705
-4.23559	-9.48865
-12.2973	-12.5442
-8.8955	-22.517
-13.3488	-22.6071
-13.7953	-25.1534
-13.8234	-22.0258
-11.4815	-22.9864
-6.98691	-25.9871
-5.37513	-22.3107
-2.73694	-19.3476
-5.63133	-15.8076
-5.27739	-16.3521
-0.877556	-18.2459
-2.72693	-18.5241
-2.08385	-17.5193
-2.07006	-17.8064
-2.1099	-19.0779
-2.24267	-16.4017
1.39166	-12.9234
-0.681437	-11.4496
-2.14751	-14.9897
-3.83054	-20.668
-2.26397	-21.2894
-3.08818	-16.6049
-3.13126	-13.1988
-2.89899	-12.1382
-5.08539	-10.2721
-4.93358	-8.7627
-0.667301	-10.1182
2.00561	-14.8169
1.39792	-11.9047
-3.12408	-10.4988
-3.87396	-11.1155
-1.23618	-7.48361
-6.24441	-12.1363
-6.38336	-6.89568
-3.90474	-6.64494
2.65442	-7.53588
6.72563	-1.88293
-3.73774	-7.02272
-0.765892	-4.79031
-8.23536	-7.89992
-7.54528	-8.60526
-4.1011	-11.6356
-0.356822	-17.0691
-0.0141277	-19.4007
0.843771	-19.9015
0.698508	-19.215
0.620462	-19.5199
0.65008	-18.9187
1.36123	-19.328
1.37297	-18.4467
1.64483	-19.4642
1.21741	-19.6677
0.108119	-22.1635
0.825365	-23.333
0.339903	-18.5139
-3.82668	-14.3353
-4.59508	-11.7946
-3.91912	-11.5852
-2.24097	-12.0113
-1.11713	-12.2827
-0.997294	-11.9056
-3.848	-8.36833
-4.91633	-8.87821
-6.63072	-8.68044
-5.95153	-11.7947
-5.85589	-15.1087
-4.76775	-16.0358
-6.03831	-13.8874
-7.88393	-12.476
-8.85103	-11.0182
-8.97782	-11.1155
-7.24254	-12.0838
-7.15532	-10.3561
-8.75255	-6.90024
-8.3528	-8.45706
-7.17759	-7.19551
-5.77079	-4.97051
-7.05657	4.4104
-13.6843	-0.290626
-7.88021	-5.83947
-9.11335	-5.49952
-7.89278	-1.17816
-13.1073	-2.69419
-9.11535	-3.80618
-0.16489	-2.26922
-5.45024	-6.19759
-9.80578	-2.04704
-8.2591	-1.79179
-7.03658	-2.4388
-5.19341	-4.44071
-5.71581	-3.70039
-7.87433	-6.11842
-8.86784	-11.7874
-0.796903	-15.41
1.13301	-15.9899
1.88404	-12.6302
-4.78131	-2.38605
-10.0041	-4.88525
-5.68567	-2.27435
-4.46829	-6.59688
-4.76799	-6.59122
-3.11396	-4.83317
-1.60283	-3.82322
0.282654	-5.07128
3.78035	-6.37804
5.18998	-6.69448
5.40344	-7.23974
5.6244	-7.91598
5.72177	-9.1479
6.84142	-11.7071
6.0035	-13.7759
2.0475	-12.968
3.04902	-17.4015
-1.64787	-15.5935
1.78719	-17.6359
0.749652	-12.8892
1.66691	-16.8524
-1.03021	-11.3442
-0.821333	-13.8403
-2.08831	-14.4232
-4.24161	-12.1894
-1.87254	-11.9019
-2.65008	-10.7651
3.29747	-12.8909
8.03322	-5.57525
12.055	0.955551
5.42605	-0.819318
4.37034	-2.7612
7.31103	-0.0561846
3.4415	-2.57787
6.86113	-5.90478
5.24384	-0.142433
1.96725	-5.11253
1.8247	-7.58595
2.09411	-4.37473
0.35788	-5.04259
1.25263	-5.78429
3.95778	-4.31901
3.3018	-5.94781
0.347484	1.25378
5.00524	-4.25509
0.659658	-7.03675
1.95005	-0.470868
5.46393	-2.57722
1.53155	-8.90088
7.69204	-1.0066
5.84058	-3.74165
5.3104	0.292585
4.06458	-9.35786
-12.235	-14.3942
-13.8328	-14.2107
-13.5055	-16.8264
-12.122	-14.7512
-10.9237	-12.9261
-5.16356	-12.5415
-6.01933	-10.8878
-5.64713	-11.0279
-4.56357	-9.74719
-3.57984	-9.43426
-3.37045	-10.4047
-4.09061	-10.5918
-3.62782	-10.4679
-4.1007	-10.1233
-4.53262	-10.4373
-5.09098	-10.752
-7.21345	-13.2493
-9.11269	-10.4182
-8.57288	-6.54283
-8.32106	-4.79291
-6.37762	-7.83227
-8.34202	-8.22915
-5.91629	-12.1236
-1.01706	-9.43918
-7.12336	-9.01051
-5.948	0.960657
-2.54738	-4.22829
-6.24178	-5.33836
-7.72591	-4.68572
-8.52081	-10.8378
-7.87452	-11.9027
-3.90333	-2.8947
-3.79988	-14.7387
-2.66256	-14.7563
-4.39365	-10.5142
-2.33886	-12.4775
-4.24813	-15.0987
-6.79993	-16.7336
-9.29872	-18.8373
-12.6832	-19.2756
-16.2974	-21.5511
-17.6444	-19.7289
-17.8316	-19.5787
-7.24558	-16.5957
-6.21471	-16.307
-7.80424	-15.4748
-7.12576	-18.5364
-8.67376	-19.2835
-5.9171	-19.7538
-4.27752	-19.2414
-6.07852	-19.3113
-4.53699	-19.4366
-0.500392	-11.1546
-5.70892	-24.967
-4.13868	-18.7756
-4.26708	-16.5288
-3.14162	-13.9966
-1.45484	-13.1682
-3.4027	-13.3667
-4.8663	-12.2575
-6.73155	-10.4582
-6.65824	-9.49527
-3.88176	-8.81815
-3.62302	-8.97269
-3.38126	-10.9654
-2.80807	-14.5528
-3.31796	-15.3242
-3.82594	-14.1816
-0.69468	-13.2214
-2.22636	-13.714
1.423	-8.51583
-3.2068	-2.65994
-11.4498	2.00316
-4.03398	-0.562594
-4.10022	-7.16088
3.30022	-3.43563
0.351532	0.426543
-8.89733	-9.50749
-7.89179	-14.9005
-2.49674	-15.7684
-2.77218	-15.873
-4.32473	-15.7264
-6.5436	-14.6222
-7.23875	-13.4618
-7.73783	-11.2124
-7.20035	-10.2255
-5.53171	-10.7062
-4.08283	-12.4052
-3.71837	-16.1014
-3.2365	-20.0821
-3.6699	-19.7023
-1.77856	-21.8495
-0.0729998	-23.0032
1.27608	-23.7371
0.274334	-21.7128
-4.87969	-9.68988
0.872616	-13.5427
0.202211	-12.364
0.896313	-12.0993
1.07799	-12.1161
-0.644201	-10.627
-0.33789	-11.794
-4.37965	-12.0823
1.97329	-8.80358
-4.67818	-1.99848
-7.69349	-3.57208
-7.94267	-0.0163487
-5.5656	-7.18836
-5.74586	-5.60306
-6.469	-6.90735
-7.11893	-6.54605
-9.56845	-9.9681
-6.54396	-12.7249
2.06629	-9.22362
-5.34061	-20.1
-4.46005	-20.8452
-2.94142	-22.3827
-3.79065	-20.4111
-3.04677	-19.0832
-3.87564	-16.5906
-3.94785	-14.9083
-4.51291	-13.325
-4.48145	-11.3761
-3.05963	-11.2397
-2.1048	-11.8382
-1.40978	-11.7915
-2.28249	-10.1094
-2.59654	-8.62645
-3.93436	-5.12568
-5.69205	-3.89117
-5.85561	-7.04595
-5.32491	-15.5597
-0.905576	-14.2256
-1.08655	-14.5075
-5.01822	-8.81586
-6.73472	-8.41241
-3.25231	-9.66263
-5.14622	-9.15179
-7.83558	-8.8564
-5.35538	-12.2198
-5.08671	-12.9599
-6.98598	-11.1241
-4.40251	-11.7265
-5.93817	-12.1569
-7.50066	-15.2843
-3.60097	-19.8834
-5.51303	-19.4483
-9.57368	-15.4142
-6.25257	-15.9751
-1.94478	-18.7544
-8.46984	-16.9276
-6.75821	-21.613
-9.55697	-18.1709
-11.9229	-19.7349
-12.0337	-17.1881
-14.076	-19.1414
-14.2411	-17.0252
-13.4126	-17.9676
-11.7126	-18.1266
-11.8047	-17.0784
-10.794	-15.811
-7.39283	-17.7782
-6.73795	-17.8125
-5.95581	-17.1932
-5.06756	-16.0976
-3.33533	-15.6704
-4.6484	-15.1941
-1.14966	-11.5926
0.455583	-12.7649
1.13954	-14.6568
4.32846	-12.4086
9.16598	-12.8743
4.03802	-12.3265
5.93833	-8.36333
3.39946	-8.70802
4.09639	-7.37904
3.02705	-6.51905
3.36895	-8.76847
2.67985	-7.5217
1.97282	-6.36301
-0.390066	-5.15318
2.94853	-9.09985
2.07402	-7.15332
5.57469	-3.9395
1.62053	-6.21216
1.85599	-4.07327
3.42846	-6.96611
3.4682	-4.39893
4.8066	-2.59531
2.90098	-6.71888
3.85814	-2.3909
6.48697	-1.15098
2.35906	-7.4708
4.4354	-0.98441
2.64175	-6.89221
4.82185	-7.59027
-6.69599	-19.1538
-11.1611	-24.7884
-5.88492	-16.8069
-1.18125	-21.3814
-4.17242	-16.2
-8.83702	-19.9249
-10.0783	-22.7962
-11.9647	-21.6888
-10.1075	-22.0196
-7.7676	-14.8584
-2.65307	-10.9713
-4.31477	-4.66373
-8.62064	-4.10087
-10.0825	-6.47632
-7.34101	-3.97199
-8.10865	-1.92773
-6.53585	-7.14696
-1.88675	-9.49733
-6.03831	-16.0887
-8.30157	-17.1013
-8.13035	-17.3822
-6.75196	-16.5621
-6.39203	-16.7217
-4.63848	-20.1183
-4.54167	-20.1102
-5.51714	-20.0449
-5.24548	-19.061
-5.93811	-14.2249
-5.34789	-13.3834
-5.47101	-14.855
-6.7517	-14.2274
-5.24498	-14.8956
-7.52416	-12.7819
-7.36459	-14.4645
-6.15795	-18.595
-7.21412	-15.711
-6.87434	-17.2131
-8.44962	-21.7916
-5.79911	-24.761
-3.23076	-26.4587
-3.63311	-28.6353
-4.37527	-26.3413
-6.32807	-24.6201
-6.82987	-20.3483
-7.93911	-18.0829
-8.53916	-15.116
-9.4797	-13.7869
-9.14506	-12.3808
-9.22219	-11.1353
-7.45518	-11.9217
-6.02407	-10.6877
-4.13226	-12.4181
-3.05976	-17.2542
-3.12862	-17.8943
2.44056	-8.59469
-1.20659	-11.0717
-6.67316	-14.5893
-5.9382	-16.6001
-8.0393	-14.8077
-7.25134	-16.1504
-7.34416	-17.2346
-7.27044	-17.1482
-7.87829	-17.8743
-7.26943	-19.0835
-6.56253	-18.6503
-3.83495	-17.8897
-5.89989	-18.2995
-7.55381	-18.1639
-9.44929	-16.3603
-8.83347	-19.5035
-8.20121	-18.5086
-6.73818	-14.2944
-5.11331	-16.9812
1.03866	-18.199
2.39607	-10.9695
-2.22539	-12.2357
-0.469004	-13.1667
-2.87609	-10.3407
-2.84819	-21.7263
-7.82217	-22.8286
-9.2023	-19.0075
-5.39295	-20.0098
-3.32272	-20.0975
-1.825	-18.686
-4.99404	-20.9884
-2.53488	-21.0026
-0.993271	-21.7853
0.462419	-20.8471
1.53591	-21.6467
0.919989	-22.5497
1.51175	-23.6722
2.71907	-22.2907
2.21056	-18.2898
0.0885242	-16.4475
-0.0786127	-15.1179
-1.5445	-16.7265
-2.84429	-17.7264
-5.07395	-18.9535
-8.77431	-18.9115
-10.4116	-20.5864
-12.5258	-21.5675
-15.1131	-21.8791
-13.0356	-23.2516
-13.8354	-22.556
-13.4271	-21.6016
-13.6027	-19.9455
-14.4874	-20.7363
-16.1598	-21.0397
-15.2801	-21.9891
-15.2059	-21.7647
-15.1816	-21.8176
-13.0859	-22.1297
-9.87196	-21.7866
-7.63089	-19.3681
-5.64694	-17.891
-3.91951	-17.8807
-2.39189	-16.3526
-0.959037	-14.8411
2.9524	-16.3765
2.64412	-21.5858
1.58618	-16.9643
0.0681915	-13.4143
-0.0115455	-14.9803
-1.57273	-13.5622
1.24141	-18.4896
-3.01752	-13.9619
-0.145821	-19.0669
0.896589	-12.9908
4.3379	-9.42364
1.47008	-13.7169
3.77711	-11.1926
2.45667	-11.2392
-0.857117	-8.91338
1.0259	-7.24472
-1.92065	-13.846
0.300672	-11.843
-2.25722	-5.4928
-4.50674	-4.42262
-3.00969	-8.3679
-1.43438	-9.9082
-3.55065	-8.91145
-4.06719	-11.3345
-3.98598	-14.8966
-4.21902	-17.2837
-2.1634	-13.0692
-1.85097	-5.63004
-3.76627	-9.23796
-1.33307	-6.50035
-2.95445	-7.81308
-2.98382	-4.66973
-5.76812	-7.72249
-12.9326	0.447613
-9.94045	1.44381
-11.4963	-2.89077
-9.27365	-4.51975
-5.07769	-1.45493
-8.6098	-5.55626
-5.55307	-7.38635
-4.5468	-8.22514
1.31558	-6.34055
3.75958	-3.50172
3.56486	-9.18194
2.32224	-3.99055
7.50605	1.09986
-1.57992	-9.80163
-12.7878	-8.22377
-15.4608	-7.45004
-14.0325	-8.85587
-12.9617	-10.2031
-13.2594	-8.16842
-11.5828	-14.8248
-10.0803	-12.7911
-5.88857	-1.17567
-8.92527	-4.55686
-11.1979	-2.10906
-12.0672	-2.34777
-14.0213	-2.15108
-11.3697	-6.16258
-12.5709	-5.29938
-12.9405	-4.1827
-7.56527	-7.52477
-3.76304	-16.1189
-8.70396	-22.9663
-11.2382	-21.7412
-11.0286	-21.1858
-12.3452	-20.8215
-11.8072	-22.7836
-8.06408	-25.918
-7.05951	-26.8324
-4.35058	-27.5964
-0.38976	-25.3064
-2.92571	-17.3708
-0.590675	-14.7471
-1.21833	-18.3263
-2.82139	-13.244
-1.54497	-14.5141
-2.6449	-17.7115
-0.625977	-18.3688
-0.26205	-19.8151
-0.970764	-14.0781
-3.37763	-22.1888
-0.0864387	-24.9603
-1.13105	-21.342
-0.822602	-19.3636
-2.48115	-17.4771
-4.17788	-18.3456
-4.97898	-17.7926
-7.25678	-13.9844
-6.79147	-8.27697
-1.07153	-9.16761
-2.62135	-3.76532
-4.94487	-6.69473
-3.78148	-3.51375
-0.400083	-7.09834
-1.6809	-9.72979
-0.904832	-10.8792
-4.1123	-8.49056
-5.69852	-7.34806
-3.79055	-4.95751
2.08578	-7.0338
-0.47675	-10.1652
2.78055	-7.27446
-1.51354	-3.67542
-5.53255	-5.34003
-7.24102	-5.92384
-7.31682	-3.22498
-5.74914	-7.27046
-11.012	-0.530184
-10.0365	0.434986
-7.88056	3.57115
-11.1088	-2.19371
-10.4031	-0.689456
-13.5493	0.698528
-11.9468	-4.54834
-11.6721	2.50783
-12.2511	-0.178224
-9.22566	-4.74921
-8.75895	0.156608
-8.51881	-3.02869
-0.26498	-4.22409
-2.66227	-4.26287
3.18085	-5.71151
3.22473	-7.25743
3.07662	-7.58766
1.21277	-5.97682
4.67906	-4.85839
1.18516	-13.2242
2.55012	-10.2266
-0.72168	-10.3034
3.31755	1.47182
2.98205	-5.29928
3.48257	-4.68547
2.61938	-4.47416
7.71103	-3.21581
4.6062	-5.43869
4.97895	-1.50531
4.67547	-4.36585
6.98211	-5.52389
4.98925	-2.486
6.37253	-6.62814
10.5312	-2.60065
2.51311	0.372622
5.87571	-2.96486
2.28756	-2.27234
2.94061	-6.16826
5.31582	-7.27571
-3.96309	-10.1414
7.48053	-5.93353
4.82021	-3.38317
-10.1766	-8.39868
-2.42684	-8.51824
-13.8413	-17.618
-15.0805	-20.7647
-10.2487	-20.4166
-7.19849	-17.4785
2.68329	-11.5131
-18.7017	-10.7087
-20.849	-14.7284
-19.7514	-18.3996
-21.3865	-14.4038
-18.3107	-19.5825
-18.0557	-16.7638
-17.4398	-16.7273
-15.3426	-18.6891
-13.7922	-19.6603
-13.723	-11.0489
-1.35524	-18.3091
0.267617	-11.6705
1.16224	-13.931
-1.22895	-16.6149
1.66094	-15.9259
-1.34172	-10.9279
-8.8943	-10.1056
-9.95165	-5.83606
-12.0385	-13.5249
-14.3242	-21.056
-13.298	-22.6445
-13.4827	-21.6841
-12.6282	-22.0866
-10.2244	-20.5395
-7.52224	-21.1342
-7.91756	-20.4623
-8.49686	-21.0376
-10.8144	-20.493
-11.9341	-18.8559
-15.2006	-15.62
-19.1245	-11.1801
-18.1749	-8.08666
-10.3004	-13.6788
-5.62511	-17.1313
-7.10592	-17.2861
-10.1463	-16.7477
-8.74273	-17.5623
-10.4855	-16.0786
-12.8758	-15.4878
-17.6148	-21.4588
-14.6022	-23.215
-10.5297	-23.1532
-6.16972	-24.2998
-4.30379	-22.3327
-5.28654	-22.9501
-7.29709	-21.1719
-7.69454	-19.4726
-7.07075	-15.2139
-9.3419	-11.9107
-10.4037	-12.9643
-8.99418	-15.9847
-4.46895	-14.6468
-3.75111	-6.47371
-1.75224	-5.21733
-4.59563	-9.51771
-7.54685	-7.29794
-3.93462	-1.66255
-7.73627	-8.33307
-9.171	-13.3257
-5.59757	-13.6561
-0.373475	-13.3713
-1.9128	-11.7447
-4.95465	-9.80927
-5.41738	-9.00632
-3.3616	-13.3121
-3.36785	-14.7213
-2.41791	-15.9881
-2.88243	-15.0837
-0.219163	-15.4112
-4.05864	-16.2977
-3.17834	-20.5856
-4.15945	-20.8516
-4.77644	-21.2529
-1.88739	-23.0007
-1.24268	-25.0173
-0.715576	-24.0099
-1.03175	-23.6992
2.49217	-24.3761
2.91574	-25.6572
2.07555	-25.3754
-1.01285	-21.3898
-4.33659	-21.5236
-5.43903	-22.5103
-6.88883	-21.4708
-8.84463	-19.6829
-9.04375	-18.2794
-4.72624	-17.3115
-4.73514	-17.4523
-3.59219	-19.7651
-4.90444	-16.663
-3.99801	-15.5748
-5.64392	-14.4599
-2.78658	-14.7159
-9.10488	-7.34772
-6.52903	-4.42029
-5.87841	-3.92914
-5.41169	-6.82251
2.16632	-0.246257
0.0285494	-6.88337
4.0412	-12.5873
-7.27443	-19.3639
-3.83037	-13.0981
-6.62363	-12.888
-6.69146	-12.0329
-5.62491	-12.2116
-6.20218	-11.3486
-6.55074	-12.1434
-8.60211	-11.8826
-9.17645	-11.5935
-8.21146	-10.7825
-6.91621	-10.5148
-6.13835	-11.1773
-4.87045	-11.461
-4.64665	-11.9817
-4.27378	-12.7973
-2.0097	-15.3485
-0.84634	-15.6359
-4.48682	-9.94494
-10.0764	-7.97481
-10.7183	-5.86299
-4.46934	0.407377
-7.12306	-1.47048
-11.2356	-2.67653
-10.1831	2.82608
-4.27284	-6.46304
-1.36253	-3.18181
-3.43005	-12.2317
-3.74459	-9.54363
-0.0372996	-6.93877
6.49475	-2.976
-3.73563	-8.83003
-3.22989	-5.86615
1.45022	-9.26484
-1.54053	-8.3868
-1.14181	-11.0401
3.42146	-18.9824
4.39404	-19.4969
3.64339	-19.3382
4.11005	-18.9706
4.29972	-19.8354
2.51081	-19.3452
-0.398388	-16.7217
-2.3418	-15.9858
-0.798826	-16.2313
0.309365	-17.1751
7.08521	-8.62022
3.52957	-5.98795
-2.46446	-8.87141
-5.30693	-10.9988
-9.77925	-12.6206
-6.94371	-9.4505
2.72555	-12.2505
-7.02132	-16.7773
-6.39853	-14.0959
-4.99934	-13.8909
-6.58924	-13.8441
-6.69176	-13.4756
-4.63205	-14.5854
-3.11813	-14.7666
-2.85944	-14.9336
-3.57178	-15.6979
-3.96605	-14.8703
-2.95319	-15.206
-3.08293	-16.6419
-3.33993	-15.4005
-1.81324	-16.5878
2.53443	-16.3622
-0.899353	-17.4196
-1.49356	-15.5758
0.655003	-17.546
-1.14071	-15.0307
1.33998	-17.0858
0.247856	-17.5735
-1.95649	-13.619
-9.46207	-10.5712
-13.7886	-7.46431
-14.4756	-5.32511
-12.2336	-9.54692
-10.6008	-5.87417
-13.6485	-6.36639
-12.8698	-9.23492
-7.70062	-10.4554
-8.34832	-11.2488
-7.50402	-9.34133
-9.19684	-10.4758
-13.2496	-9.59422
-13.1927	-13.4474
-15.1872	-8.33545
-12.2841	-7.9679
-9.76283	-13.6155
-11.4454	-14.0299
-7.55608	-12.5618
-3.2265	-9.50331
-12.5512	-16.1858
-12.3349	-16.3916
-11.2709	-7.70595
-9.96495	-11.6265
-5.3955	-13.5894
-5.76603	-8.33879
0.343714	-6.14562
-4.69922	-11.6829
0.740828	-10.4721
-6.13091	-5.93151
-1.67729	-11.6176
-3.20655	-11.9849
4.42806	-7.67603
2.33033	-9.47598
1.99952	-6.83238
0.153793	-8.44808
-3.77532	-14.8605
4.03804	-9.99025
3.96088	-8.48075
0.119008	-5.05995
2.62895	-8.24879
-0.6537	-4.06077
1.76569	-6.59169
3.36569	-6.05036
2.38267	-3.96998
6.50499	-8.32074
5.54259	-4.13585
7.52328	-3.61847
4.18704	-2.73018
-2.82853	-4.55062
-3.67207	-7.56275
-7.3814	-4.07089
-1.63188	-1.15507
-3.95796	3.1742
-8.18127	-1.14768
-9.40922	-6.06469
-7.32867	-9.9104
-8.85617	-21.0434
-8.77724	-25.6555
-8.61344	-26.7617
-9.85636	-26.9555
-10.1169	-27.495
-8.11854	-25.7147
-8.90908	-23.6668
-7.85701	-17.4344
-7.88176	-10.5092
-3.64727	-3.29109
-4.13891	-4.17716
-9.32839	-4.19242
-8.57359	-7.16987
-11.0551	-9.77923
-10.4989	-3.36185
-4.01278	-6.10486
-3.08623	-11.3219
-6.33037	-9.35719
3.34942	-11.5311
-4.76812	-17.553
-1.95485	-15.5755
-0.670139	-13.4041
0.0580077	-12.2384
-0.810643	-10.591
-0.466465	-10.7311
0.0270952	-9.33105
0.774796	-8.64929
1.70939	-10.7303
1.05196	-12.3181
1.12146	-12.8897
0.927674	-15.0297
0.955624	-16.1793
-1.06793	-18.0572
-2.36468	-18.9456
-4.61529	-19.4618
-5.13198	-20.7772
-3.06863	-21.6674
-3.66947	-18.6927
-4.79922	-17.7994
-7.77781	-18.0653
-5.19653	-18.8782
-7.22319	-20.4639
-6.78637	-18.0671
-6.79306	-16.6862
-7.62388	-18.1788
-6.76508	-23.5332
-0.879243	-19.0995
-9.96845	-3.82914
-5.82569	-2.6607
-9.43429	-3.99481
-10.7197	-2.50704
-14.843	-1.36415
-10.7268	1.49746
-13.1606	-1.866
-12.6469	-4.76206
-1.72606	0.92935
-2.66541	-10.9003
-10.6322	-26.1976
-5.47911	-15.4973
2.67404	-8.21345
-0.459959	-5.2065
2.83259	-7.68423
2.44846	-6.911
3.95421	-14.7623
3.68672	-6.85733
3.99121	-6.73875
-0.224637	-5.12634
2.61749	-12.6833
2.59865	-11.1139
-6.47418	-9.93668
-9.54705	-11.1582
-9.16833	-13.4245
-9.37247	-13.7582
-8.84698	-14.5182
-4.82609	-13.5862
0.258837	-14.9571
-1.20864	-14.4778
0.255106	-13.7002
0.600187	-13.9218
0.416462	-15.3081
0.153479	-16.0541
2.30033	-17.7102
1.81583	-18.6112
2.81572	-18.8462
3.56721	-20.5468
2.16351	-18.9013
3.63686	-21.6703
4.40699	-23.5655
3.34173	-23.1896
0.530837	-15.8281
-3.98262	-17.0996
-4.69194	-17.0401
-5.24149	-17.0263
-6.43763	-16.7391
-6.8081	-17.5403
-7.68873	-17.66
-8.22896	-18.242
-7.76088	-18.7233
-7.74817	-18.6024
-7.96515	-18.9501
-7.46667	-19.7945
-6.50641	-19.4529
-4.48245	-21.3882
-5.57136	-19.4619
-8.33216	-17.1462
-9.62308	-19.5784
-5.81295	-16.9373
-0.424461	-10.4051
-7.03395	-6.884
-9.7148	-5.38983
-4.45467	-12.6652
-7.23003	-5.83428
-2.93933	-8.48773
-5.5821	-4.15602
-7.57087	-3.40976
-5.78302	-2.68864
-4.41465	-4.86043
-7.48713	-6.92545
-12.8183	-14.2756
1.44737	-9.76848
2.38908	-13.1599
-1.12393	-8.65666
1.36567	-6.27894
-0.640795	-7.25091
-0.683412	-5.95311
-0.197806	-7.40741
2.04905	-4.27395
3.94926	-6.52061
-1.77485	-13.0001
-5.89025	-24.9387
3.94958	-11.1054
4.27321	-12.002
-9.02625	-19.1073
-6.17294	-24.2699
-3.91133	-19.4119
-6.88341	-10.7864
-9.41364	-7.42087
-9.43152	-9.53562
-7.29694	-12.2362
-7.16367	-10.6208
-9.26507	-7.53159
-9.75973	-4.48713
-12.9211	-2.17632
-10.3964	-2.73795
-10.0319	-5.99964
-7.30811	-13.4114
-8.31543	-19.0281
-9.86509	-22.6716
-11.3896	-23.067
-12.1286	-23.5994
-9.46383	-24.2513
-4.03957	-21.138
-3.07396	-18.062
-2.76277	-16.8413
-0.748677	-12.0141
-1.61088	-16.4622
1.15444	-14.3586
0.41185	-15.8992
0.8422	-11.3878
0.0024602	-14.9821
-1.41837	-9.15333
0.620224	-9.77338
-2.53242	-9.58951
-5.37189	-9.77828
-7.50173	-19.4965
-12.2143	-24.5217
-13.3047	-24.9191
-13.9622	-23.8349
-15.5157	-22.1074
-15.2983	-22.0278
-14.0675	-22.188
-13.9121	-21.6587
-14.4338	-19.4242
-14.3002	-19.403
-13.9759	-17.8433
-13.3762	-19.2705
-12.5927	-18.1585
-13.0715	-18.4767
-12.592	-18.801
-10.7325	-17.5684
-8.68479	-15.8137
-7.98737	-13.7473
-5.5567	-11.7714
-4.09026	-10.6578
-1.32111	-11.1366
-4.32649	-7.18313
-1.75814	-7.8915
-0.883831	-9.9662
2.71365	-11.6736
0.57914	-8.47166
0.587997	-9.04617
4.19825	-6.06428
-4.43448	-4.02428
-4.49192	-4.85556
-7.19136	-10.6474
-0.984641	-6.22975
-0.480923	-5.12425
-2.36577	-7.56791
-3.8381	-3.31472
-3.8217	-9.9741
-5.0244	-5.81778
-6.74043	-6.03878
-8.96469	-7.76649
-13.3256	-14.5486
-4.41752	-5.33696
-3.56853	-7.51464
-3.29889	-3.45715
2.23523	2.98205
1.95836	3.12113
0.163225	-4.0411
0.577859	-5.00334
1.58914	-5.26966
3.64101	-8.9833
2.04978	-5.32682
0.0802526	-6.50259
0.464823	-5.47225
2.12417	-6.54877
0.357599	-10.0853
5.22044	-12.0612
1.9713	-10.1242
-1.92682	-11.6115
-3.31801	-13.2104
-2.13128	-9.16927
-5.41852	-14.7198
-8.93079	-15.4577
-3.65272	-14.7683
-4.79906	-17.2055
-8.04842	-24.7236
-8.37644	-26.6467
-10.1695	-24.7846
-10.0045	-24.9961
-10.3629	-23.8759
-11.552	-23.1861
-12.9507	-23.1783
-14.5414	-21.2966
-14.1168	-18.5691
-13.324	-17.3282
-12.6564	-18.4386
-11.762	-18.3022
-9.41982	-19.0009
-7.31015	-19.9727
-6.19681	-21.3902
-5.72936	-20.1419
-4.20389	-18.2074
-4.13319	-17.5969
-5.58602	-16.0445
-5.12956	-16.6436
-6.61281	-15.6471
-7.11363	-15.7934
-8.47101	-18.0771
-6.72161	-18.6584
-5.81659	-21.1595
-2.60723	-21.4397
-2.01753	-20.0103
-0.842453	-17.3367
-1.04649	-16.8034
-1.29391	-16.9854
-1.30102	-16.0014
-1.2796	-13.3207
-0.65322	-12.4415
-0.340499	-11.9687
-0.438126	-12.7509
0.981128	-14.1911
1.34529	-15.7603
1.6611	-19.3585
-3.40029	-19.4918
-3.83774	-16.0662
-4.83929	-15.6495
-6.94408	-13.449
-5.85456	-10.7666
-1.48748	-13.2836
-1.67978	-8.10929
-6.89884	-3.052
-3.02982	-4.00997
-6.48279	-5.03637
-7.85312	-6.06122
-9.69951	-7.18405
-7.49938	-6.17346
-9.16241	-6.01704
0.97748	-11.5075
1.08251	-11.117
-2.15653	-9.75818
-3.10453	-10.1417
-2.70308	-8.61627
-2.99279	-8.79631
-2.84578	-8.48239
-2.5288	-6.92126
-3.80585	-7.39409
-4.21665	-7.40089
-5.83909	-7.11878
-7.29105	-7.12627
-6.65527	-8.79215
-0.100362	-9.12386
2.31514	-8.91402
2.89657	-0.917978
-1.69516	-5.28676
-5.91022	-9.04687
-4.36514	-8.09455
-1.56493	-6.33471
-7.93404	-8.37558
-7.76455	-6.2601
-7.20444	-9.04033
-5.71178	-10.6751
-6.92794	-9.15683
-6.87623	-11.6295
-6.18468	-14.9547
-5.55433	-16.9655
0.0793252	-13.972
-4.0091	-15.504
-2.5441	-12.4012
-1.84449	-13.0952
-6.4039	-6.01919
-1.86635	-6.4757
-3.33072	0.788361
-7.91274	-0.640566
-7.91114	0.273614
-10.7478	-8.33979
-7.46789	-15.428
-4.67065	-16.3032
-4.90237	-16.8228
-6.31819	-15.6339
-7.72623	-15.9494
-6.62465	-18.9759
-2.70179	-22.8084
-1.17602	-20.7881
-2.38266	-16.9253
-3.24946	-14.5556
-3.95957	-11.1757
-4.48391	-7.68172
-3.84934	-6.16474
-0.675258	-8.55456
-2.00531	-6.43902
-1.91862	-7.58832
-2.0878	-9.11804
-3.67505	-20.1188
-3.59412	-20.0272
-4.40311	-17.6041
-3.6365	-19.2805
-7.83716	-15.1569
-4.7688	-14.1249
-2.30193	-16.6533
1.60061	-11.4788
-5.78688	-8.61096
-10.2909	-13.6465
-6.63901	-10.3911
0.200399	-6.49418
-5.79825	-7.46612
-8.35024	-11.2136
-8.80704	-11.342
-9.10713	-10.9552
-9.19453	-10.337
-9.08113	-9.81509
-2.43879	-4.79961
-0.385234	-15.5276
1.89692	-10.1493
-0.0356975	-12.5835
-6.36464	-16.9419
-5.67271	-10.2506
-6.14247	-13.7594
-4.23992	-11.9064
4.28334	-4.25779
-7.70119	-7.10893
-5.25956	-6.8088
-4.41449	-6.34583
-5.10686	-5.86592
-6.05528	-6.82188
-5.26393	-9.56622
-4.88113	-10.2588
-4.90229	-11.1328
-4.652	-12.8097
-2.50418	-14.936
-4.1135	-15.2494
-2.06042	-17.8565
-1.19363	-16.6091
-1.56365	-14.9245
-0.532969	-14.9785
-0.90662	-13.12
1.35916	-10.8727
-3.94246	-8.804
-14.6711	-12.4572
-9.66918	-18.6927
-8.70726	-20.3826
-7.77033	-19.8872
-13.1394	-19.1717
-13.3606	-20.7274
-12.8734	-21.1573
-12.7115	-21.6856
-13.3815	-18.1015
-12.4455	-19.1374
-13.8088	-19.4601
-12.8573	-20.6677
-13.3235	-21.6137
-13.4095	-21.3663
-12.8417	-17.5037
-10.2371	-17.8448
-12.4163	-16.8377
-7.32208	-14.305
-4.5491	-7.86335
-0.635989	-8.54151
1.31503	-5.42351
4.06751	-5.20377
4.60267	-3.60517
5.47348	0.0770854
6.2942	3.97452
8.35699	-0.392928
6.03022	0.16089
5.60143	1.9936
0.508264	4.84975
4.43484	0.240966
0.429134	-2.5915
1.71984	-7.044
3.77976	-6.06348
2.79456	-10.2078
4.10328	-4.24052
6.06626	-5.67577
2.30246	-4.86586
0.0592419	-6.31421
-1.49446	-5.28068
5.48021	-3.70451
2.93059	-6.47288
1.60688	-6.2496
0.309654	-5.55406
1.56478	-9.76378
3.08241	-8.19211
0.362329	-6.94515
3.32945	-3.68058
2.03383	-9.04556
-3.55713	-2.30691
2.00722	-3.04134
1.7807	-1.42768
3.75429	-6.58774
-0.789828	-11.6186
3.99706	-7.50192
0.906263	-7.22289
-0.335155	-6.36435
-11.7644	-14.9369
-6.89447	-14.5964
-6.29796	-17.4834
-4.48791	-18.7596
-9.21948	-13.4491
-6.77735	-11.1207
-3.68089	-11.7095
-5.34948	-9.70865
-5.50129	-7.95571
-5.59116	-7.83165
-5.5301	-9.34283
-6.726	-9.2909
-6.20314	-10.7635
-9.49867	-10.9276
-2.75185	-2.74064
-11.6283	0.694869
-6.58662	-1.4058
-9.01159	-5.81585
-9.07661	-4.94268
-8.30696	-7.77223
-7.76779	-7.96355
-5.1018	-7.75044
-6.652	-10.7598
-6.94642	-10.3619
-8.06319	-10.8534
-6.06423	-12.2706
-3.84817	-14.9052
-2.22567	-15.6651
-3.17234	-12.4169
-4.85455	-12.6536
-6.18611	-13.1901
-6.88197	-10.8456
-7.51959	-10.3535
-6.90797	-10.116
-0.623919	-11.8819
-4.48252	-15.8866
-3.76811	-12.6116
-3.43382	-12.8656
-5.08464	-12.1519
-2.38753	-13.3288
-1.46143	-17.5449
-2.7208	-14.2308
-4.12941	-13.6216
-3.70834	-13.8521
-3.54344	-14.0859
-2.31531	-15.3025
-2.42451	-15.4441
-0.340457	-16.4831
-1.30764	-15.3261
-1.64334	-14.3732
-4.53554	-10.9001
-1.01461	-12.0727
-0.789908	-11.7959
-1.23113	-11.2021
-1.12911	-11.0914
1.23977	-14.8851
-1.49518	-11.8973
-2.66315	-12.4469
-3.35901	-12.9357
-3.94775	-13.249
-6.60289	-12.5183
-8.16602	-8.06163
-2.0353	-7.2396
-4.71048	-0.439738
-3.63578	-6.06269
-2.2489	-2.8021
-2.42886	-5.88685
-3.99885	-7.78055
3.22779	-4.86025
-5.93333	-10.9278
-6.43831	-9.57104
-9.88602	-9.15526
-9.70946	-10.3136
-6.17152	-14.0794
-2.82621	-15.0597
-6.30503	-9.45055
-7.57945	-8.562
-8.96269	-9.94878
-6.98226	-5.85117
0.987963	-10.2838
2.72292	-7.38417
-1.30089	-15.9287
-0.401991	-11.8828
-0.519814	-7.88332
0.313367	-13.1277
-0.451925	-12.0519
-9.53485	-12.8926
-3.56538	-20.5596
-5.28917	-15.5781
-3.84137	-21.6501
-5.72222	-22.2187
-5.67177	-23.8793
-6.36998	-24.4761
-6.30151	-25.4131
-7.66338	-26.7418
-8.82681	-26.3942
-6.97757	-25.6688
-5.59825	-18.7403
1.28464	-15.7806
-3.58745	-21.5723
-6.97667	-19.6299
-8.63575	-15.7025
-4.4619	-10.9738
-6.82811	-10.5276
-4.93341	-6.62067
-7.17326	-11.0025
-7.29345	-10.0391
-5.1058	-21.36
-8.24349	-18.0001
-8.755	-15.8656
-8.97105	-14.9293
-6.83569	-15.3921
-6.52703	-14.5421
-6.32775	-11.8313
-5.81784	-10.8964
-6.41293	-10.0274
-7.28368	-9.92172
-1.35735	-11.0226
1.83085	-15.4886
-5.24857	-14.0492
-2.71101	-11.3887
-2.37511	-8.31677
-4.79712	-5.92823
-4.96992	-9.8461
-4.93878	-9.16808
-3.85523	-10.0273
-6.19637	-9.78146
-1.58795	-20.7466
5.12974	-21.8311
-3.80618	-20.0946
1.82123	-21.8835
-2.98269	-20.5513
-3.82838	-18.0623
-5.53956	-14.9482
-3.55867	-17.5373
-3.94338	-18.3777
-2.84412	-18.6819
-1.31384	-19.8559
-1.85825	-19.1524
-1.05353	-20.1292
-0.944328	-18.5315
1.84672	-17.3585
3.1516	-17.4944
2.67126	-17.8112
0.842985	-15.1795
1.17971	-15.1751
1.38136	-15.0429
1.26808	-14.7664
0.107766	-15.9696
-5.05411	-15.0317
-11.3859	-11.4362
-13.2646	-10.3124
-13.5443	-9.86347
-15.5095	-4.69434
-12.131	-10.1313
-13.7054	-11.4014
-12.1033	-12.1267
-11.0048	-11.496
-7.08668	-12.7757
-0.476367	-12.9754
-3.72476	-3.90525
-2.67029	-2.79084
-10.243	-3.3588
-9.35347	-3.17376
-6.48889	-0.611986
-11.3174	-0.517897
-14.7611	2.16208
-8.03407	-2.50284
-8.40876	1.41545
-7.66975	1.74066
-10.3114	3.15326
-9.24975	-6.38074
-8.08839	-5.82223
-10.5136	-11.0834
-8.15689	-0.931339
-6.88434	-2.98764
-7.16996	-4.51498
-3.2849	-2.29228
-5.52297	-5.31695
-1.86432	-3.62603
0.643871	-1.35119
-0.293161	-7.43713
4.22844	-5.79937
-2.13898	-4.41709
1.37195	-5.8522
0.641425	-7.69698
7.61953	0.0994989
-5.17327	-12.1117
-1.10925	-12.9662
1.31916	-14.0988
2.70041	-16.0919
0.710583	-19.8995
0.914972	-21.5397
0.701837	-21.9743
-1.33204	-19.4599
-3.86469	-16.4327
-4.54037	-14.0664
-3.97199	-12.6075
2.39132	-2.9955
2.3568	-2.63264
-2.35753	-10.5124
-7.97476	-5.97871
-8.88341	-3.94642
-4.05713	-7.49571
-2.12973	-9.82675
-2.61744	-10.1429
-4.78674	-9.21225
-2.18951	-12.6452
-3.64581	-12.5988
-3.21341	-11.7333
-1.7293	-13.2456
-1.03006	-15.9415
0.117627	-21.6789
0.253084	-22.6719
-0.69319	-22.6566
0.304958	-21.6017
-1.20718	-15.7414
-3.26016	-14.4376
-5.11634	-9.8035
-4.45505	-10.3224
-6.66762	-8.65622
-7.88747	-7.9215
-9.22843	-6.40335
-11.3228	-6.65268
-13.3055	-6.2049
-14.8889	-6.23024
-16.0859	-5.28501
-16.0608	-5.43324
-15.7398	-5.50193
-15.6306	-4.79596
-14.9859	-5.65426
-12.6673	-7.58795
-11.7437	-6.85873
-10.2386	-8.25192
-10.31	-7.21236
-10.0865	-8.56776
-9.73295	-8.74614
-9.70508	-7.55409
-8.06031	-6.11727
-6.04199	-6.56799
-5.02697	-6.20233
-3.71253	-6.60564
-3.55255	-8.2284
-3.90624	-9.31915
-0.517035	-13.4745
0.173587	-16.6906
-0.448015	-20.6115
0.0367769	-21.4232
-1.63944	-22.5202
-2.62904	-21.7951
-2.78021	-20.2336
-4.09165	-19.9058
-4.65575	-20.0428
-5.45942	-19.2561
-4.29549	-18.8298
0.514997	-13.0831
0.513763	-10.2753
-3.28366	-5.68279
-2.79856	-15.0626
-6.7319	-13.3833
-9.77598	-4.57246
-11.6516	-5.84314
-15.7831	-8.44468
-8.19433	-8.67819
-6.29086	-12.7983
-4.82918	-13.4434
-5.1193	-10.5788
-2.08722	-10.7952
-0.329048	-12.091
-1.64214	-11.722
0.592263	-13.819
0.559901	-22.3314
0.64921	-22.3275
1.55486	-23.3874
2.41738	-22.5039
3.48043	-17.5517
-0.196751	-9.6684
2.64954	-14.1418
2.79446	-16.4519
-0.51234	-15.8857
-2.06641	-16.7043
-2.51985	-20.3428
-4.03852	-19.4989
-5.19611	-17.3548
-1.18176	-11.2003
-0.00921295	-13.8083
1.20505	-9.95719
-2.0529	-13.7578
-5.64099	-19.2939
-1.02188	-10.4212
-5.57919	-22.3289
-7.92978	-24.724
-6.2955	-23.7117
-2.87477	-27.0357
0.26911	-27.7744
-0.214783	-21.8462
-1.8845	-18.1417
0.840758	-15.8205
1.03318	-17.5515
-0.397062	-13.2657
-1.74744	-13.2608
-3.20471	-10.44
-3.11344	-16.5551
-0.331449	-15.9886
-1.95328	-11.1062
-0.576971	-11.4115
-3.10422	-4.05506
-6.95024	-0.411035
-8.8036	-4.58791
-8.40228	-8.48509
-1.56712	-15.0916
-7.68166	-21.3475
-4.86156	-25.8578
-4.43124	-23.1527
-4.18029	-18.7588
-10.0331	-11.958
-9.45082	-10.1768
-8.04368	-11.2908
-9.74486	-5.09058
-5.75875	-11.2721
-9.55595	-6.79126
-10.0257	-5.93089
-8.32779	-3.05737
-7.96888	-6.90973
-7.10128	-7.15141
-3.44383	-10.3121
0.336952	-6.82411
-0.477404	-6.89619
-5.10059	-7.93003
-0.161068	-4.92346
-2.18286	-12.1048
1.78807	-6.42251
2.88556	-5.41125
4.70389	-4.20148
1.53235	-7.23443
6.46493	0.679186
-4.00481	-3.34677
-1.25205	-2.046
-3.66375	-4.87025
0.0317562	-2.23585
-4.59175	-7.03403
-0.264799	-12.1299
1.00633	-9.52514
2.3816	-6.82288
2.44941	-7.19013
2.84804	-7.8608
2.92228	-2.21401
-2.38536	-5.32436
3.36649	-12.6467
2.04325	-8.53024
3.00851	-5.1016
1.00507	-4.47975
3.34942	-4.7889
3.41859	-4.43454
5.34483	-2.7505
4.15254	-6.77572
3.56224	-10.8079
0.607234	-4.10246
3.97332	-2.46563
-1.60255	-8.67039
4.23351	-5.72054
-6.88671	-19.5824
-4.80408	-23.3825
-2.14344	-23.5598
-0.847656	-19.4695
-1.16609	-17.0896
-2.09777	-14.6188
-3.9776	-11.4452
-4.99274	-9.15263
-6.51763	-7.19303
-9.73207	-6.3499
-11.4729	-5.93301
-12.8132	-6.81252
-12.0255	-9.00985
-12.795	-6.74067
-11.0713	-7.60579
-10.0787	-6.4405
-7.80155	-8.09959
-8.09335	-8.40179
-7.36682	-9.74316
-7.38768	-10.0586
-5.53327	-13.1902
-5.19656	-16.9151
-4.40754	-19.8926
-5.26633	-23.7217
-8.19168	-25.7777
-11.1179	-25.9041
-13.2328	-26.4719
-14.0545	-24.1956
-14.1243	-23.0486
-13.8022	-23.481
-12.8016	-24.1675
-10.6744	-25.0224
-7.28549	-24.9447
-3.53621	-26.8554
0.00917384	-27.9181
0.223224	-25.0184
-0.942017	-22.4734
-3.98746	-18.922
-2.41736	-19.2979
-4.41283	-20.9774
-4.93272	-23.1797
-8.11621	-19.0554
-5.79873	-20.9285
-3.19176	-23.8587
-3.52985	-21.6248
-1.96703	-18.5696
-1.68317	-15.4138
-1.76437	-14.9388
-2.35883	-14.5406
-2.39885	-15.1703
-3.13844	-14.8514
-3.33152	-15.551
-3.98202	-14.3062
-4.64302	-15.2599
-5.71952	-15.8426
-6.11938	-15.2787
-6.96451	-14.0554
-9.74354	-13.3774
-10.5227	-13.3529
-8.04993	-14.888
-6.13252	-5.8484
-8.4049	-4.38531
-14.5093	-2.83112
-13.3251	-7.24777
-12.7891	-7.84364
-10.395	-0.398074
-9.55425	-3.91753
-10.6293	-11.2144
-9.12582	-8.7673
-5.11824	-8.34771
-4.03215	-7.99909
-3.94067	-11.4305
-3.45717	-15.2503
-2.53453	-17.5615
-2.10219	-17.5876
-3.26721	-16.0952
-1.97261	-15.7959
-1.01287	-16.8796
-0.522604	-17.9385
-4.24367	-15.4348
-0.00434089	-14.6604
0.0638012	-10.267
1.26848	-13.6655
-1.47767	-5.308
2.92601	-3.10604
-3.91873	-9.79218
-9.43193	-2.61626
-8.6869	-4.02044
-8.56897	-4.52789
-8.1041	-5.95879
-9.00085	-7.16452
-9.66938	-4.81898
-7.40563	-2.08871
-8.60463	-2.11691
-7.44571	0.711134
-7.9808	-1.35838
-5.75666	-5.51437
-2.13133	-6.67164
2.89772	-7.84156
2.86651	-4.84726
-3.96056	-13.2081
-2.03143	-14.8319
-4.06275	-13.4366
-3.15716	-17.1086
-2.31835	-16.2382
0.190825	-18.0108
1.72262	-16.486
1.48688	-13.9699
1.29843	-13.0196
-2.05752	-8.86463
0.901403	-6.97739
2.0761	-8.56056
-3.3148	-7.42464
-6.67213	-10.7998
3.1406	-13.5947
-3.8412	-17.3671
-8.28141	-24.9891
-5.8553	-26.5176
-5.81562	-22.7771
-3.93006	-22.818
0.117974	-21.2179
0.460254	-21.4111
-2.20969	-21.1241
-3.50744	-21.1985
-4.17479	-20.6496
-3.05853	-21.0531
-2.90357	-18.0895
-2.69962	-16.0502
-6.62599	-11.6684
-10.5015	-10.9923
-10.8061	-10.1407
-6.86653	-11.0725
-6.10302	-0.315837
-1.54862	-10.6303
-4.31215	-8.11597
0.068693	-3.16523
-0.0253413	-2.59071
2.32038	-7.48664
-2.64139	-6.23528
-4.27864	-16.2034
-4.43771	-16.5514
-3.29039	-16.506
-3.47942	-14.3134
-3.74673	-11.5851
-4.0341	-7.55697
-4.70813	-5.67083
-6.62587	-4.20432
-6.53532	-5.5533
-8.78888	-8.2297
-4.93295	-11.017
0.573046	-2.91853
-1.37071	-4.78156
-7.29164	-3.14045
-5.92105	1.74447
-6.06866	-6.0293
-15.093	-5.23284
-5.29496	-4.54538
-5.7191	-9.80437
-7.04948	-8.27939
2.50402	-11.3079
8.2157	-12.2994
-6.27575	-11.7311
-6.67478	-14.4478
-8.09242	-13.601
-6.73882	-12.0682
-6.5518	-11.2307
-3.11762	-12.6874
-0.85745	-14.3066
3.34531	-17.534
2.61728	-16.9541
3.34819	-19.222
2.91153	-18.6471
2.83682	-17.0881
0.806569	-13.8275
0.736611	-11.5697
0.783213	-8.68501
1.01909	-7.29096
1.60539	-6.44255
2.58929	-5.8053
2.2467	-4.34716
1.02308	-3.62927
1.80603	-5.30108
-2.51649	-4.10898
-5.01714	-6.48754
-6.7505	-11.214
-9.68621	-8.34651
-8.97102	-12.7449
-10.1642	-13.4667
-7.62567	-8.0695
-7.48304	-6.25353
-2.84004	-9.79481
-2.86984	-9.39153
-4.91755	-6.86115
1.69471	-9.3072
3.70587	-3.19482
3.63735	-5.04346
4.46624	-7.22113
2.85941	-5.93593
9.53754	-4.67225
8.85396	-8.09161
-6.58677	-14.0948
-9.13094	-10.1905
-10.3373	-15.5225
-11.5748	-11.9515
-9.53026	-13.3594
-7.46684	-14.2621
-5.40681	-14.1707
0.477715	-18.771
1.32306	-19.9947
0.599533	-20.706
-1.40178	-20.2945
-0.896469	-19.633
-1.47819	-13.4395
-1.10242	-12.4356
-1.15815	-11.4317
-1.56509	-11.1697
-3.74126	-10.8962
-6.73642	-10.7436
-3.19802	-16.2881
-1.95602	-19.7616
-2.39774	-18.2058
-0.892959	-13.3248
-0.120956	-11.4775
3.34852	-8.73086
1.12396	-11.3666
-3.58747	-13.587
-2.24949	-19.6384
-6.47403	-21.8725
-9.08851	-9.07887
-10.2797	-7.19805
-8.82741	-10.0618
-7.71259	-11.6494
-9.12527	-10.6786
-9.82219	-8.96799
-9.9475	-10.0458
-8.28788	-12.489
-10.986	-9.53166
-7.55362	-4.5362
-8.79854	-4.1005
-5.35537	-1.29613
-4.01279	-2.83164
-2.96512	-8.33415
-7.48211	-12.3113
-7.39075	-11.5196
-8.02739	-10.1038
-6.30239	-8.89823
-0.244794	-12.0831
-3.36816	-12.1093
-2.2677	-13.8537
0.135064	-11.2268
-3.82552	-12.457
-7.7979	-6.1917
-7.50879	-7.28339
-7.35424	-7.22466
-6.95991	-8.85684
-7.05907	-9.04348
-5.88803	-12.989
-3.2177	-12.4968
-5.35714	-12.3265
-3.68521	-13.3613
-5.05185	-12.469
-3.03269	-10.8515
-0.515298	-13.1046
-0.521555	-7.34627
-0.376947	-11.6851
0.65481	-10.7006
3.04914	-3.50793
-1.22284	-12.8219
1.45033	-10.4343
-0.42365	-13.1221
-7.27281	-13.9647
-8.36602	-8.35363
-12.2459	-7.30283
-8.04915	-12.7569
-6.37775	-15.6165
-7.42437	-12.7641
-0.431671	-12.2946
2.70262	-12.8927
1.10997	-13.5767
-2.17653	-9.62645
-6.14261	-13.6286
-7.56407	-12.5659
-2.96746	-14.5515
0.0787763	-16.308
-3.12366	-24.5026
-3.64956	-27.4916
-4.9461	-25.7074
-3.7984	-25.8754
-4.4327	-24.9393
-3.332	-25.7618
-2.81338	-26.3408
-1.38441	-26.1401
-3.16242	-21.7148
-4.5542	-18.1819
-3.1834	-17.1534
-4.11862	-17.6707
-4.99345	-17.416
-2.42833	-9.943
-1.87525	-8.65266
-6.05419	-15.497
-5.89514	-7.03892
-5.03608	-1.56059
-2.90208	-5.75186
-3.41757	-12.9834
-8.74855	-15.316
-10.4174	-14.0485
-10.9843	-14.168
-10.0349	-12.9924
-5.97839	-13.4736
-4.76404	-14.2681
-3.90204	-15.4039
-5.91149	-12.6974
-6.54974	-11.1081
-6.02114	-10.0149
-5.00026	-9.41821
-4.29529	-10.6706
-5.42501	-12.973
-6.58083	-15.8097
-9.67104	-17.7842
-13.1117	-17.0039
-14.972	-14.9435
-12.9606	-13.4608
-2.39605	-20.6362
-1.76981	-19.9485
-4.24076	-19.3783
-3.73008	-20.039
-5.51048	-22.1804
-3.7832	-18.8649
-3.0615	-11.9198
1.62356	-12.1096
-2.64244	-14.3234
-8.18464	-10.2762
-3.97044	-12.6696
-1.56982	-13.1441
-4.18634	-17.9883
-5.20094	-13.7209
-4.88665	-13.0495
-3.24727	-13.9507
-2.31564	-16.7577
-3.19254	-18.0023
-5.05093	-14.7661
-4.24888	-17.2943
-2.42576	-18.773
-2.82188	-16.7321
-4.0107	-14.1235
-3.04617	-9.45666
-3.53836	-10.0283
-3.57245	-9.57598
-4.56726	-10.8306
-6.98522	-9.66316
-7.38493	-9.12278
-6.55756	-9.93294
-6.17697	-9.85536
-4.22328	-7.98131
-3.1644	-7.88102
-0.863339	-9.93026
-0.390549	-12.8218
2.13403	-15.7579
2.49259	-18.5666
-0.684068	-20.094
-1.13523	-20.49
-1.92023	-20.1505
-2.4494	-18.7221
-9.48661	-13.35
-13.5928	-10.0212
-17.1733	-8.52353
-17.0923	-9.2939
-18.0255	-8.94944
-18.2252	-10.3522
-18.4919	-12.8721
-16.9601	-16.2551
-13.8829	-17.4864
-10.2881	-17.825
-6.00531	-16.6758
-3.38427	-15.4996
-3.23761	-13.186
-1.37104	-12.6499
-0.310582	-15.2248
-2.32773	-15.5452
-3.57502	-15.5239
-8.44608	-11.0408
-4.65586	-15.6844
-5.81961	-11.737
-6.15708	-8.16843
-5.88602	-6.02051
-4.78639	-4.22453
-6.17663	-2.15971
-7.20184	-1.69323
-8.60451	-3.47938
-8.90417	-5.92896
-6.94593	-9.43297
-5.49008	-12.5068
-3.43443	-15.062
-0.572329	-16.8836
0.541499	-17.5453
-1.01892	-21.0868
-2.64985	-20.2682
-2.23334	-21.7882
-1.64793	-19.8761
-2.83907	-18.7642
-7.01945	-12.8868
-11.4872	-8.18664
-14.3836	-7.80687
-14.5051	-11.0262
-13.0738	-13.4812
-12.8408	-17.5703
-10.7567	-19.3881
-8.90704	-19.92
-7.06643	-20.3979
-5.10812	-20.6606
-4.66196	-17.4542
-6.73424	-12.632
-7.22786	-13.0957
-3.71115	-9.02252
-6.20822	-0.765653
-7.19156	1.34964
-5.1589	-0.838161
-4.87549	-1.96498
-6.52315	-0.889639
-9.99438	-10.3161
-5.79656	-6.73202
-1.15617	-6.85255
-1.30246	-5.22733
-1.68179	-9.12933
2.23328	-6.05608
-2.39513	-15.5349
-9.23902	-10.9259
-12.6555	-8.34041
-10.1327	-9.43782
-6.91917	-10.7694
-0.489469	-13.2474
-3.71323	-13.1409
-2.81253	-18.0218
-2.84554	-20.3269
-3.21339	-24.6592
-6.54449	-25.0226
-9.07929	-22.5019
-10.1598	-22.6654
-11.6608	-23.4879
-12.4349	-23.5921
-11.0753	-23.6005
-8.69641	-24.3843
-6.61821	-22.709
-6.47929	-22.5586
-6.56373	-20.6552
-8.39101	-19.4961
-5.30816	-18.5272
-3.07871	-16.0259
-5.25385	-16.4799
-6.76687	-16.0486
-3.67673	-12.8586
-5.56819	-14.4331
-3.58927	-15.892
-5.81837	-4.17799
-1.09791	-15.115
-1.91054	-10.4911
-4.01189	-8.71653
-10.1494	-17.357
-14.9596	-16.4643
-11.5417	-21.5189
-9.42104	-22.6619
-1.38319	-16.1612
-2.21459	-16.8057
-5.03069	-17.1743
4.34892	-13.253
2.08872	-13.4181
-1.64294	-9.26041
-3.84616	-12.2915
-2.82494	-13.1733
1.24285	-10.9979
5.8734	-3.20418
1.42743	-8.19334
5.67395	-7.61487
2.46284	-13.2514
0.309856	-9.928
1.81912	-2.67821
2.02647	-2.91161
3.66013	-5.41238
1.71498	-0.368771
3.1757	-4.41438
5.19061	-5.42653
0.794611	-9.38642
-2.92099	-9.80408
2.12044	-1.48902
0.695893	-8.15558
6.19845	-4.04291
0.0993869	-5.97531
-0.687388	-6.30882
5.69298	-3.32786
3.73102	-4.95412
4.30556	-0.816098
